Charmander: .word 160, 120
.byte 199,199,199,199,199,199,199,199,199,199,199,199,199,199,199,199,199,199,199,199,199,199,199,199,199,199,199,199,199,199,199,199,199,199,199,199,199,199,199,199,199,199,199,199,199,199,199,199,199,199,199,199,199,199,199,199,199,199,199,199,199,199,199,199,199,199,199,199,199,199,199,199,199,199,199,199,199,199,199,199,199,199,199,199,199,199,199,199,199,199,199,199,199,199,199,199,199,199,199,199,199,199,199,199,199,199,199,199,199,199,199,199,199,199,199,199,199,199,199,199,199,199,199,199,199,199,199,199,199,199,199,199,199,199,199,199,199,199,199,199,199,199,199,199,199,199,199,199,199,199,199,199,199,199,199,199,199,199,199,199,
199,199,199,199,199,199,199,199,199,199,199,199,199,199,199,199,199,199,199,199,199,199,199,199,199,199,199,199,199,199,199,199,199,199,199,199,199,199,199,199,199,199,199,199,199,199,199,199,199,199,199,199,199,199,199,199,199,199,199,199,199,199,199,199,199,199,199,199,199,199,199,199,199,199,199,199,199,199,199,199,199,199,199,199,199,199,199,199,199,199,199,199,199,199,199,199,199,199,199,199,199,199,199,199,199,199,199,199,199,199,199,199,199,199,199,199,199,199,199,199,199,199,199,199,199,199,199,199,199,199,199,199,199,199,199,199,199,199,199,199,199,199,199,199,199,199,199,199,199,199,199,199,199,199,199,199,199,199,199,199,
199,199,199,199,199,199,199,199,199,199,199,199,199,199,199,199,199,199,199,199,199,199,199,199,199,199,199,199,199,199,199,199,199,199,199,199,199,199,199,199,199,199,199,199,199,199,199,199,199,199,199,199,199,199,199,199,199,199,199,199,199,199,199,199,199,199,199,199,199,199,199,199,199,199,199,199,199,199,199,199,199,199,199,199,199,199,199,199,199,199,199,199,199,199,199,199,199,199,199,199,199,199,199,199,199,199,199,199,199,199,199,199,199,199,199,199,199,199,199,199,199,199,199,199,199,199,199,199,199,199,199,199,199,199,199,199,199,199,199,199,199,199,199,199,199,199,199,199,199,199,199,199,199,199,199,199,199,199,199,199,
199,199,199,199,199,199,199,199,199,199,199,199,199,199,199,199,199,199,199,199,199,199,199,199,199,199,199,199,199,199,199,199,199,199,199,199,199,199,199,199,199,199,199,199,199,199,199,199,199,199,199,255,255,255,255,255,255,255,255,255,255,199,199,199,199,199,199,199,199,199,199,199,199,199,199,199,199,199,199,199,199,199,199,199,199,199,199,199,199,199,199,199,199,199,199,199,199,199,199,199,199,199,199,199,199,199,199,199,199,199,199,199,199,199,199,199,199,199,199,199,199,199,199,199,199,199,199,199,199,199,199,199,199,199,199,199,199,199,199,199,199,199,199,199,199,199,199,199,199,199,199,199,199,199,199,199,199,199,199,199,
199,199,199,199,199,199,199,199,199,199,199,199,199,199,199,199,199,199,199,199,199,199,199,199,199,199,199,199,199,199,199,199,199,199,199,199,199,199,199,199,199,199,199,199,199,199,199,199,199,199,199,255,254,246,246,246,246,246,246,254,255,199,199,199,199,199,199,199,199,199,199,199,199,199,199,199,199,199,199,199,199,199,199,199,199,199,199,199,199,199,199,199,199,199,199,199,199,199,199,199,199,199,199,199,199,199,199,199,199,199,199,199,199,199,199,199,199,199,199,199,199,199,199,199,199,199,199,199,199,199,199,199,199,199,199,199,199,199,199,199,199,199,199,199,199,199,199,199,199,199,199,199,199,199,199,199,199,199,199,199,
199,199,199,199,199,199,199,199,199,199,199,199,199,199,199,199,199,199,199,199,199,199,199,199,199,199,199,199,199,199,199,199,199,199,199,199,199,199,199,199,199,255,255,255,246,246,246,246,246,182,182,182,182,182,173,173,173,173,174,182,182,246,246,246,255,255,255,199,199,199,199,199,199,199,199,199,199,199,199,199,199,199,199,199,199,199,199,199,199,199,199,199,199,199,199,199,199,199,199,199,199,199,199,199,199,199,199,199,199,199,199,199,199,199,199,199,199,199,199,199,199,199,199,199,199,199,199,199,199,199,199,199,199,199,199,199,199,199,199,199,199,199,199,199,199,199,199,199,199,199,199,199,199,199,199,199,199,199,199,199,
199,199,199,199,199,199,199,199,199,199,199,199,199,199,199,199,199,199,199,199,199,199,199,199,199,199,199,199,199,199,199,199,199,199,199,199,199,199,199,199,199,255,246,246,173,173,173,173,165,101,101,101,101,101,102,102,102,102,102,102,101,165,173,173,246,246,255,199,199,199,199,199,199,199,199,199,199,199,199,199,199,199,199,199,199,199,199,199,199,199,199,199,199,199,199,199,199,199,199,199,199,199,199,199,199,199,199,199,199,199,199,199,199,199,199,199,199,199,199,199,199,199,199,199,199,199,199,199,199,199,199,199,199,199,199,199,199,199,199,199,199,199,199,199,199,199,199,199,199,199,199,199,199,199,199,199,199,199,199,199,
199,199,199,199,199,199,199,199,199,199,199,199,199,199,199,199,199,199,199,199,199,199,199,199,199,199,199,199,199,199,199,199,199,199,199,199,199,255,255,246,246,182,174,173,173,165,165,101,101,101,101,101,101,102,102,102,102,102,102,102,101,101,165,173,173,173,173,246,255,255,255,199,199,199,199,199,199,199,199,199,199,199,199,199,199,199,199,199,199,199,199,199,199,199,199,199,199,199,199,199,199,199,199,199,199,199,199,199,199,199,199,199,199,199,199,199,199,199,199,199,199,199,199,199,199,199,199,199,199,199,199,199,199,199,199,199,199,199,199,199,199,199,199,199,199,199,199,199,199,199,199,199,199,199,199,199,199,199,199,199,
199,199,199,199,199,199,199,199,199,199,199,199,199,199,199,199,199,199,199,199,199,199,199,199,199,199,199,199,199,199,199,199,199,199,199,199,199,255,246,173,164,100,101,102,174,174,174,174,174,174,174,174,174,174,110,110,110,110,102,102,102,110,110,102,101,92,91,164,246,255,255,199,199,199,199,199,199,199,199,199,199,199,199,199,199,199,199,199,199,199,199,199,199,199,199,199,199,199,199,199,199,199,199,199,199,199,199,199,199,199,199,199,199,199,199,199,199,199,199,199,199,199,199,199,199,199,199,199,199,199,199,199,199,199,199,199,199,199,199,199,199,199,199,199,199,199,199,199,199,199,199,199,199,199,199,199,199,199,199,199,
199,199,199,199,199,199,199,199,199,199,199,199,199,199,199,199,199,199,199,199,199,199,199,199,199,199,199,199,199,199,199,199,199,199,199,255,246,174,173,165,92,93,102,102,175,175,175,175,175,175,175,175,175,175,175,174,174,174,110,110,111,111,111,102,93,92,83,91,165,182,246,255,255,199,199,199,199,199,199,199,199,199,199,199,199,199,199,199,199,199,199,199,199,199,199,199,199,199,199,199,199,199,199,199,199,199,199,199,199,199,199,199,199,199,199,199,199,199,199,199,199,199,199,199,199,199,199,199,199,199,199,199,199,199,199,199,199,199,199,199,199,199,199,199,199,199,199,199,199,199,199,199,199,199,199,199,199,199,199,199,
199,199,199,199,199,199,199,199,199,199,199,199,199,199,199,199,199,199,199,199,199,199,199,199,199,199,199,199,199,199,199,199,199,199,199,246,164,92,101,174,174,174,174,175,175,175,175,175,175,175,175,175,175,175,174,174,174,174,110,110,110,111,111,110,102,102,101,92,92,92,173,246,255,199,199,199,199,199,199,199,199,199,199,199,199,199,199,199,199,199,199,199,199,199,199,199,199,199,199,199,199,199,199,199,199,199,199,199,199,199,199,199,199,199,199,199,199,199,199,199,199,199,199,199,199,199,199,199,199,199,199,199,199,199,199,199,199,199,199,199,199,199,199,199,199,199,199,199,199,199,199,199,199,199,199,199,199,199,199,199,
199,199,199,199,199,199,199,199,199,199,199,199,199,199,199,199,199,199,199,199,199,199,199,199,199,199,199,199,199,199,199,255,255,255,182,173,92,92,102,175,183,183,183,183,175,175,175,175,174,174,174,174,174,174,174,174,174,174,110,110,110,110,110,111,175,175,102,101,84,83,164,173,246,255,255,199,199,199,199,199,199,199,199,199,199,199,199,199,199,199,199,199,199,199,199,199,199,199,199,199,199,199,199,199,199,199,199,199,199,199,199,199,199,199,199,199,199,199,199,199,199,199,199,199,199,199,199,199,199,199,199,199,199,199,199,199,199,199,199,199,199,199,199,199,199,199,199,199,199,199,199,199,199,199,199,199,199,199,199,199,
199,199,199,199,199,199,199,199,199,199,199,199,199,199,199,199,199,199,199,199,199,199,199,199,199,199,199,199,199,199,199,255,254,182,92,92,101,174,174,175,183,183,183,183,175,175,175,175,175,175,175,174,174,174,174,174,174,110,110,110,110,110,110,110,111,110,102,102,101,92,83,92,182,255,255,199,199,199,199,199,199,199,199,199,199,199,199,199,199,199,199,199,199,199,199,199,199,199,199,199,199,199,199,199,199,199,199,199,199,199,199,199,199,199,199,199,199,199,199,199,199,199,199,199,199,199,199,199,199,199,199,199,199,199,199,199,199,199,199,199,199,199,199,199,199,199,199,199,199,199,199,199,199,199,199,199,199,199,199,199,
199,199,199,199,199,199,199,199,199,199,199,199,199,199,199,199,199,199,199,199,199,199,199,199,199,199,199,199,199,255,255,255,182,173,92,92,174,183,183,183,182,182,182,175,175,175,175,175,174,174,174,174,174,174,174,174,174,110,110,110,110,110,110,110,111,110,102,102,102,93,84,92,165,182,255,199,199,199,199,199,199,199,199,199,199,199,199,199,199,199,199,199,199,199,199,199,199,199,199,199,199,199,199,199,199,199,199,199,199,199,199,199,199,199,199,199,199,199,199,199,199,199,199,199,199,199,199,199,199,199,199,199,199,199,199,199,199,199,199,199,199,199,199,199,199,199,199,199,199,199,199,199,199,199,199,199,199,199,199,199,
199,199,199,199,199,199,199,199,199,199,199,199,199,199,199,199,199,199,199,199,199,199,199,199,199,199,199,199,199,255,255,182,100,92,101,110,174,183,182,182,182,182,174,174,174,174,174,174,174,174,174,174,174,174,174,174,110,110,110,110,110,110,110,110,110,110,110,102,101,101,101,92,91,100,182,199,199,199,199,199,199,199,199,199,199,199,199,199,199,199,199,199,199,199,199,199,199,199,199,199,199,199,199,199,199,199,199,199,199,199,199,199,199,199,199,199,199,199,199,199,199,199,199,199,199,199,199,199,199,199,199,199,199,199,199,199,199,199,199,199,199,199,199,199,199,199,199,199,199,199,199,199,199,199,199,199,199,199,199,199,
199,199,199,199,199,199,199,199,199,199,199,199,199,199,199,199,199,199,199,199,199,199,199,199,199,199,199,199,199,255,182,173,92,93,110,175,183,182,182,174,174,174,174,174,174,174,174,174,174,174,174,174,174,174,174,110,110,110,110,110,110,110,110,110,110,110,110,102,101,101,102,93,83,91,173,246,255,199,199,199,199,199,199,199,199,199,199,199,199,199,199,199,199,199,199,199,199,199,199,199,199,199,199,199,199,199,199,199,199,199,199,199,199,199,199,199,199,199,199,199,199,199,199,199,199,199,199,199,199,199,199,199,199,199,199,199,199,199,199,199,199,199,199,199,199,199,199,199,199,199,199,199,199,199,199,199,199,199,199,199,
199,199,199,199,199,199,199,199,199,199,199,199,199,199,199,199,199,199,199,199,199,199,199,199,199,199,199,199,199,182,100,92,101,110,110,175,183,183,183,174,174,174,174,174,174,174,174,174,174,174,174,174,174,110,110,110,110,110,110,110,175,175,110,110,110,111,111,111,102,102,101,101,92,92,164,173,246,199,199,199,199,199,199,199,199,199,199,199,199,199,199,199,199,199,199,199,199,199,199,199,199,199,199,199,199,199,199,199,199,199,199,199,199,199,199,199,199,199,199,199,199,199,199,199,199,199,199,199,199,199,199,199,199,199,199,199,199,199,199,199,199,199,199,199,199,199,199,199,199,199,199,199,199,199,199,199,199,199,199,199,
199,199,199,199,199,199,199,199,199,199,199,199,199,199,199,199,199,199,199,199,199,199,199,199,199,199,199,255,246,173,92,92,110,175,174,174,175,175,174,174,174,110,110,110,174,174,174,174,174,174,174,174,110,110,110,110,110,110,110,110,102,102,110,110,110,110,102,102,101,101,101,101,101,93,92,164,246,199,199,199,199,199,199,199,199,199,199,199,199,199,199,199,199,199,199,199,199,199,199,199,199,199,199,199,199,199,199,199,199,199,199,199,199,199,199,199,199,199,199,199,199,199,199,199,199,199,199,199,199,199,199,199,199,199,199,199,199,199,199,199,199,199,199,199,199,199,199,199,199,199,199,199,199,199,199,199,199,199,199,199,
199,199,199,199,199,199,199,199,199,199,199,199,199,199,199,199,199,199,199,199,199,199,199,199,199,199,199,246,173,165,109,110,110,110,110,110,174,174,174,110,110,110,110,110,110,110,110,110,110,110,110,110,110,110,110,110,110,110,110,102,101,101,110,175,111,102,92,83,82,83,93,102,102,101,92,92,182,199,199,199,199,199,199,199,199,199,199,199,199,199,199,199,199,199,199,199,199,199,199,199,199,199,199,199,199,199,199,199,199,199,199,199,199,199,199,199,199,199,199,199,199,199,199,199,199,199,199,199,199,199,199,199,199,199,199,199,199,199,199,199,199,199,199,199,199,199,199,199,199,199,199,199,199,199,199,199,199,199,199,199,
199,199,199,199,199,199,199,199,199,199,199,199,199,199,199,199,199,199,199,199,199,199,199,199,199,199,199,246,164,100,101,110,110,110,102,102,110,110,102,102,102,110,110,110,110,110,110,110,110,110,110,110,110,110,110,110,110,110,110,102,92,92,110,175,102,101,100,91,82,82,92,101,102,101,92,92,174,254,255,199,199,199,199,199,199,199,199,199,199,199,199,199,199,199,199,199,199,199,199,199,199,199,199,199,199,199,199,199,199,199,199,199,199,199,199,199,199,199,199,199,199,199,199,199,199,199,199,199,199,199,199,199,199,199,199,199,199,199,199,199,199,199,199,199,199,199,199,199,199,199,199,199,199,199,199,199,199,199,199,199,
199,199,199,199,199,199,199,199,199,199,199,199,199,199,199,199,199,199,199,199,199,199,199,199,199,199,199,246,165,92,92,93,110,174,101,101,102,111,110,102,110,110,110,110,110,110,110,110,110,110,110,110,110,110,110,110,110,110,110,102,92,92,174,110,93,92,173,173,164,91,82,83,101,102,93,101,173,181,254,199,199,199,199,199,199,199,199,199,199,199,199,199,199,199,199,199,199,199,199,199,199,199,199,199,199,199,199,199,199,199,199,199,199,199,199,199,199,199,199,199,199,199,199,199,199,199,199,199,199,199,199,199,199,199,199,199,199,199,199,199,199,199,199,199,199,199,199,199,199,199,199,199,199,199,199,199,199,199,199,199,
199,199,199,199,199,199,199,199,199,199,199,199,199,199,199,199,199,199,199,199,199,199,199,199,199,199,199,182,100,83,83,92,174,174,101,101,102,111,110,110,110,110,110,110,110,110,110,110,110,110,110,110,110,110,110,110,110,110,110,102,101,101,110,102,92,92,182,246,173,164,73,9,92,101,102,101,164,173,246,199,199,199,199,199,199,199,199,199,199,199,199,199,199,199,199,199,199,199,199,199,199,199,199,199,199,199,199,199,199,199,199,199,199,199,199,199,199,199,199,199,199,199,199,199,199,199,199,199,199,199,199,199,199,199,199,199,199,199,199,199,199,199,199,199,199,199,199,199,199,199,199,199,199,199,199,199,199,199,199,199,
199,199,199,199,199,199,199,199,199,199,199,199,199,199,199,199,199,199,199,199,199,199,199,199,199,199,199,182,91,82,91,164,174,175,102,101,102,110,110,110,110,110,110,110,110,110,110,110,110,110,110,110,110,110,110,110,110,110,110,110,110,110,102,101,92,164,246,255,246,173,82,9,82,92,101,101,92,164,246,199,199,199,199,199,199,199,199,199,199,199,199,199,199,199,199,199,199,199,199,199,199,199,199,199,199,199,199,199,199,199,199,199,199,199,199,199,199,199,199,199,199,199,199,199,199,199,199,199,199,199,199,199,199,199,199,199,199,199,199,199,199,199,199,199,199,199,199,199,199,199,199,199,199,199,199,199,199,199,199,199,
199,199,199,199,199,199,199,199,199,199,199,199,199,199,199,199,199,199,199,199,199,199,199,199,199,199,199,173,82,73,163,173,101,102,102,174,110,110,110,110,110,110,110,110,110,110,110,110,110,110,110,110,110,110,110,110,110,110,110,110,175,175,110,101,91,91,182,255,255,173,82,0,9,82,101,102,92,92,182,255,255,199,199,199,199,199,199,199,199,199,199,199,199,199,199,199,199,199,199,199,199,199,199,199,199,199,199,199,199,199,199,199,199,199,199,199,199,199,199,199,199,199,199,199,199,199,199,199,199,199,199,199,199,199,199,199,199,199,199,199,199,199,199,199,199,199,199,199,199,199,199,199,199,199,199,199,199,199,199,199,
199,199,199,199,199,199,199,199,199,199,199,199,199,199,199,199,199,199,199,199,199,199,199,199,199,199,199,173,82,82,173,173,92,93,102,175,110,110,110,110,110,110,110,110,110,110,110,110,110,110,110,110,110,110,110,110,110,110,110,110,110,175,175,101,82,82,173,255,255,173,82,0,0,10,101,102,92,92,182,255,255,199,199,199,199,199,199,199,199,199,199,199,199,199,199,199,199,199,199,199,199,199,199,199,199,199,199,199,199,199,199,199,199,199,199,199,199,199,199,199,199,199,199,199,199,199,199,199,199,199,199,199,199,199,199,199,199,199,199,199,199,199,199,199,199,199,199,199,199,199,199,199,199,199,199,199,199,199,199,199,
199,199,199,199,199,199,199,199,199,199,199,199,199,199,199,199,199,199,199,199,199,199,199,199,199,255,255,173,82,82,173,182,92,92,102,175,110,110,110,110,110,110,110,110,110,110,110,110,110,110,110,110,110,110,110,110,110,110,110,110,110,174,183,101,10,73,164,182,182,164,73,0,8,81,92,101,92,92,173,246,255,199,199,199,199,199,199,199,199,199,199,199,199,199,199,199,199,199,199,199,199,199,199,199,199,199,199,199,199,199,199,199,199,199,199,199,199,199,199,199,199,199,199,199,199,199,199,199,199,199,199,199,199,199,199,199,199,199,199,199,199,199,199,199,199,199,199,199,199,199,199,199,199,199,199,199,199,199,199,199,
199,199,199,199,199,199,199,199,199,199,199,199,199,199,199,199,199,199,199,199,199,199,199,199,199,255,255,173,82,82,173,246,165,101,102,111,110,110,110,110,110,110,110,110,110,110,110,110,110,110,110,110,110,110,110,110,110,110,110,110,110,174,183,101,10,9,82,91,91,82,9,8,80,81,83,92,93,101,173,181,254,199,199,199,199,199,199,199,199,199,199,199,199,199,199,199,199,199,199,199,199,199,199,199,199,199,199,199,199,199,199,199,199,199,199,199,199,199,199,199,199,199,199,199,199,199,199,199,199,199,199,199,199,199,199,199,199,199,199,199,199,199,199,199,199,199,199,199,199,199,199,199,199,199,199,199,199,199,199,199,
199,199,199,199,199,199,199,199,199,199,199,199,199,199,199,199,199,199,199,199,199,199,199,199,199,255,247,173,82,73,164,173,164,100,102,111,111,110,110,110,110,110,110,110,110,110,110,110,110,110,110,110,110,110,110,110,110,110,110,110,110,174,183,101,82,0,73,73,73,9,1,72,88,153,82,84,101,102,165,173,246,199,199,199,199,199,199,199,199,199,199,199,199,199,199,199,199,199,199,199,199,199,199,199,199,199,199,199,199,199,199,199,199,199,199,199,199,199,199,199,199,199,199,199,199,199,199,199,199,199,199,199,199,199,199,199,199,199,199,199,199,199,199,199,199,199,199,199,199,199,199,199,199,199,199,199,199,199,199,199,
199,199,199,199,199,199,199,199,199,199,199,199,199,199,199,199,199,199,199,199,199,199,199,199,199,255,182,164,81,73,82,82,83,92,110,175,111,110,110,110,110,110,110,110,110,110,110,110,110,110,110,110,110,110,110,110,110,110,110,110,110,174,175,101,82,8,72,72,8,0,1,73,88,153,90,92,101,101,92,164,246,199,199,199,199,199,199,199,199,199,199,199,199,199,199,199,199,199,199,199,199,199,199,199,199,199,199,199,199,199,199,199,199,199,199,199,199,199,199,199,199,199,199,199,199,199,199,199,199,199,199,199,199,199,199,199,199,199,199,199,199,199,199,199,199,199,199,199,199,199,199,199,199,199,199,199,199,199,199,199,
199,199,199,199,199,199,199,199,199,199,199,199,199,199,199,199,199,199,199,199,199,199,199,199,199,255,182,173,82,72,8,9,74,91,102,175,175,110,110,110,110,110,110,110,110,110,110,110,110,110,110,110,110,110,110,110,110,110,110,110,102,110,175,101,82,72,80,80,73,9,9,81,152,153,90,92,101,101,92,92,182,199,199,199,199,199,199,199,199,199,199,199,199,199,199,199,199,199,199,199,199,199,199,199,199,199,199,199,199,199,199,199,199,199,199,199,199,199,199,199,199,199,199,199,199,199,199,199,199,199,199,199,199,199,199,199,199,199,199,199,199,199,199,199,199,199,199,199,199,199,199,199,199,199,199,199,199,199,199,199,
199,199,199,199,199,199,199,199,199,199,199,199,199,199,199,199,199,199,199,199,199,199,199,199,199,255,247,173,163,81,8,0,9,82,101,175,175,110,110,110,110,110,110,110,110,110,110,110,110,110,110,110,110,110,110,110,110,110,110,110,110,110,175,101,82,80,88,153,90,90,81,81,152,153,90,91,101,101,83,91,182,199,199,199,199,199,199,199,199,199,199,199,199,199,199,199,199,199,199,199,199,199,199,199,199,199,199,199,199,199,199,199,199,199,199,199,199,199,199,199,199,199,199,199,199,199,199,199,199,199,199,199,199,199,199,199,199,199,199,199,199,199,199,199,199,199,199,199,199,199,199,199,199,199,199,199,199,199,199,199,
199,199,199,199,199,199,199,199,199,199,199,199,199,199,199,199,199,199,199,199,199,199,199,199,199,255,247,173,163,81,72,72,8,82,101,175,175,110,110,110,110,110,110,110,110,110,110,110,110,110,110,110,110,110,110,110,110,110,110,110,110,110,175,102,91,81,152,153,154,154,89,89,153,90,91,92,101,101,83,91,174,255,199,199,199,199,199,199,199,199,199,199,199,199,199,199,199,199,199,199,199,199,199,199,199,199,199,199,199,199,199,199,199,199,199,199,199,199,199,199,199,199,199,199,199,199,199,199,199,199,199,199,199,199,199,199,199,199,199,199,199,199,199,199,199,199,199,199,199,199,199,199,199,199,199,199,199,199,199,199,
199,199,199,199,199,199,199,199,199,199,199,199,199,199,199,199,199,199,199,199,199,199,199,199,199,255,246,173,91,81,80,80,72,82,101,175,110,110,110,110,110,110,110,110,110,110,110,110,110,110,110,110,110,110,110,110,110,110,110,110,110,111,175,102,92,82,153,153,153,90,81,81,91,92,93,101,102,101,84,92,173,246,199,199,199,199,199,199,199,199,199,199,199,199,199,199,199,199,199,199,199,199,199,199,199,199,199,199,199,199,199,199,199,199,199,199,199,199,199,199,199,199,199,199,199,199,199,199,199,199,199,199,199,199,199,199,199,199,199,199,199,199,199,199,199,199,199,199,199,199,199,199,199,199,199,199,199,199,199,199,
199,199,199,199,199,199,199,199,199,199,199,199,199,199,199,199,199,199,199,199,199,199,199,199,199,247,173,164,91,90,154,153,81,90,101,175,110,110,110,110,110,110,110,110,110,110,110,110,110,110,110,110,110,110,110,110,110,110,110,110,110,111,175,102,93,92,90,154,155,91,90,82,92,93,101,102,101,101,92,92,173,245,199,199,199,199,199,199,199,199,199,199,199,199,199,199,199,199,199,199,199,199,199,199,199,199,199,199,199,199,199,199,199,199,199,199,199,199,199,199,199,199,199,199,199,199,199,199,199,199,199,199,199,199,199,199,199,199,199,199,199,199,199,199,199,199,199,199,199,199,199,199,199,199,199,199,199,199,199,199,
199,199,199,199,199,199,199,199,199,199,199,199,199,199,199,199,199,199,199,199,199,199,199,199,199,246,165,100,101,101,92,91,90,91,110,175,110,110,110,110,110,110,110,110,110,110,110,110,110,110,110,110,110,110,110,110,110,110,110,110,110,110,110,110,102,102,101,101,101,101,101,101,101,101,101,101,101,101,93,92,173,173,199,199,199,199,199,199,199,199,199,199,199,199,199,199,199,199,199,199,199,199,199,199,199,199,199,199,199,199,199,199,199,199,199,199,199,199,199,199,199,199,199,199,199,199,199,199,199,199,199,199,199,199,199,199,199,199,199,199,199,199,199,199,199,199,199,199,199,199,199,199,199,199,199,199,199,199,199,199,
199,199,199,199,199,199,199,199,199,199,199,199,199,199,199,199,199,199,199,199,199,199,199,199,199,182,100,92,110,110,101,93,92,101,110,175,110,110,110,110,110,110,110,110,110,110,110,110,110,110,110,110,110,110,110,110,110,110,110,110,110,110,110,110,175,111,102,102,102,102,102,102,102,101,101,101,101,101,93,101,165,173,199,199,199,199,199,199,199,199,199,199,199,199,199,199,199,199,199,199,199,199,199,199,199,199,199,199,199,199,199,199,199,199,199,199,199,199,199,199,199,199,199,199,199,199,199,199,199,199,199,199,199,255,255,255,255,199,199,199,199,199,199,199,199,199,199,199,199,199,199,199,199,199,199,199,199,199,199,199,
199,199,199,199,199,199,199,199,199,199,199,199,199,199,199,199,199,199,199,199,199,199,199,199,199,182,100,92,110,175,110,102,110,110,110,110,110,110,110,110,110,174,110,110,110,110,110,110,110,110,110,110,110,110,175,175,110,110,110,110,110,110,110,110,175,111,111,102,102,101,102,102,102,101,101,101,101,101,93,101,173,173,199,199,199,199,199,199,199,199,199,199,199,199,199,199,199,199,199,199,199,199,199,199,199,199,199,199,199,199,199,199,199,199,199,199,199,199,199,199,199,199,199,199,199,199,199,199,199,199,199,199,199,255,255,255,255,199,199,199,199,199,199,199,199,199,199,199,199,199,199,199,199,199,199,199,199,199,199,199,
199,199,199,199,199,199,199,199,199,199,199,199,199,199,199,199,199,199,199,199,199,199,199,255,246,174,101,93,102,110,175,175,175,175,111,110,110,110,110,110,174,174,174,174,110,110,110,110,110,110,110,110,110,110,110,110,110,110,110,110,110,110,111,175,175,175,110,102,101,101,101,101,93,93,93,101,101,101,92,101,173,246,199,199,199,199,199,199,199,199,199,199,199,199,199,199,199,199,199,199,199,199,199,199,199,199,199,199,199,199,199,199,199,199,199,199,199,199,199,199,199,199,199,199,199,199,199,199,199,199,199,255,255,247,182,182,255,255,255,199,199,199,199,199,199,199,199,199,199,199,199,199,199,199,199,199,199,199,199,199,
199,199,199,199,199,199,199,199,199,199,199,199,199,199,199,199,199,199,199,199,199,199,199,246,173,173,101,93,92,93,174,175,175,175,111,110,110,110,110,110,174,174,174,174,110,110,110,110,110,110,110,110,110,102,101,101,110,111,110,110,111,175,175,175,175,111,102,102,101,101,93,92,83,83,93,101,101,93,84,92,174,255,199,199,199,199,199,199,199,199,199,199,199,199,199,199,199,199,199,199,199,199,199,199,199,199,199,199,199,199,199,199,199,199,199,199,199,199,199,199,199,199,199,199,199,199,199,199,199,199,199,255,247,174,93,101,182,255,255,199,199,199,199,199,199,199,199,199,199,199,199,199,199,199,199,199,199,199,199,199,
199,199,199,199,199,199,199,199,199,199,199,199,199,199,199,199,199,199,199,199,199,199,199,246,173,165,101,93,92,92,101,110,110,110,110,111,175,175,111,110,166,166,174,174,110,110,110,110,110,110,110,110,110,102,101,101,110,175,175,111,110,110,110,102,102,102,101,101,101,101,92,83,83,91,101,101,101,93,83,91,182,255,199,199,199,199,199,199,199,199,199,199,199,199,199,199,199,199,199,199,199,199,199,199,199,199,199,199,199,199,199,199,199,199,199,199,199,199,199,199,199,199,199,199,199,199,199,199,199,199,199,255,174,166,93,93,174,182,246,255,255,199,199,199,199,199,199,199,199,199,199,199,199,199,199,199,199,199,199,199,
199,199,199,199,199,199,199,199,199,199,199,199,199,199,199,199,199,199,199,199,199,199,199,255,246,173,93,93,93,92,92,92,92,101,102,111,175,175,175,110,102,102,110,174,110,110,110,110,110,110,110,110,110,110,102,110,175,175,175,175,110,102,101,92,92,92,91,92,173,164,82,82,92,101,101,101,101,93,83,91,182,199,199,199,199,199,199,199,199,199,199,199,199,199,199,199,199,199,199,199,199,199,199,199,199,199,199,199,199,199,199,199,199,199,199,199,199,199,199,199,199,199,199,199,199,199,199,199,199,199,199,247,174,102,94,94,93,93,174,246,255,199,199,199,199,199,199,199,199,199,199,199,199,199,199,199,199,199,199,199,
199,199,199,199,199,199,199,199,199,199,199,199,199,199,199,199,199,199,199,199,199,199,199,255,254,174,100,92,93,93,92,92,91,92,101,102,102,102,110,102,102,102,110,110,110,110,110,110,110,110,110,110,110,110,102,102,110,110,110,102,101,93,92,92,83,83,83,91,164,164,82,82,101,102,101,101,101,93,92,164,246,199,199,199,199,199,199,199,199,199,199,199,199,199,199,199,199,199,199,199,199,199,199,199,199,199,199,199,199,199,199,199,199,199,199,199,199,199,199,199,199,199,199,199,199,199,199,199,199,199,199,247,166,94,102,94,21,85,165,182,255,199,199,199,199,199,199,199,199,199,199,199,199,199,199,199,199,199,199,199,
199,199,199,199,199,199,199,199,199,199,199,199,199,199,199,199,199,199,199,199,199,199,199,255,255,246,164,92,93,93,101,101,92,91,164,163,83,83,92,101,102,110,111,111,111,111,111,111,110,110,110,110,102,101,101,93,92,92,92,84,83,84,92,92,92,92,92,91,91,91,91,92,101,101,101,93,92,92,173,246,255,199,199,199,199,199,199,199,199,199,199,199,199,199,199,199,199,199,199,199,199,199,199,199,199,199,199,199,199,199,199,199,199,199,199,199,199,199,199,199,199,199,199,199,199,199,199,199,199,199,199,247,166,94,94,30,22,94,165,174,247,199,199,199,199,199,199,199,199,199,199,199,199,199,199,199,199,199,199,199,
199,199,199,199,199,199,199,199,199,199,199,199,199,199,199,199,199,199,199,199,199,199,199,199,199,246,173,165,101,93,101,101,92,92,164,155,82,74,83,92,101,102,102,102,102,102,102,102,102,101,101,101,101,93,92,92,92,83,83,83,83,83,156,156,157,156,84,83,82,83,92,101,101,101,101,93,84,92,182,255,255,199,199,199,199,199,199,199,199,199,199,199,199,199,199,199,199,199,199,199,199,199,199,199,199,199,199,199,199,199,199,199,199,199,199,199,199,199,199,199,199,199,199,199,199,199,199,255,182,182,255,183,102,93,94,30,31,94,166,174,247,199,199,199,199,199,199,199,199,199,199,199,199,199,199,199,199,199,199,199,
199,199,199,199,199,199,199,199,199,199,199,199,199,199,199,199,199,199,199,199,199,199,199,199,199,255,246,182,173,100,92,92,93,101,101,92,83,83,82,83,91,91,92,92,92,92,92,92,84,83,83,83,84,84,92,92,84,84,92,92,156,156,156,157,165,156,83,83,83,92,101,101,101,101,101,101,92,164,246,255,199,199,199,199,199,199,199,199,199,199,199,199,199,199,199,199,199,199,199,199,199,199,199,199,199,199,199,199,199,199,199,199,199,199,199,199,199,199,199,199,199,199,199,199,199,199,199,182,101,101,182,183,94,21,22,94,94,94,102,174,247,199,199,199,199,199,199,199,199,199,199,199,199,199,199,199,199,199,199,199,
199,199,199,199,199,199,199,199,199,199,199,199,199,199,199,199,199,199,199,199,199,199,199,199,199,199,199,255,246,173,92,92,101,101,93,93,92,92,91,83,83,83,83,83,83,83,83,83,83,83,83,83,83,84,156,156,156,157,157,165,165,165,165,165,164,92,83,83,92,101,101,101,101,101,93,93,164,173,246,199,199,199,199,199,199,199,199,199,199,199,199,199,199,199,199,199,199,199,199,199,199,199,199,199,199,199,199,199,199,199,199,199,199,199,199,199,199,199,199,199,199,199,199,255,255,255,247,174,101,93,174,174,94,22,94,94,94,94,102,174,247,199,199,199,199,199,199,199,199,199,199,199,199,199,199,199,199,199,199,199,
199,199,199,199,199,199,199,199,199,199,199,199,199,199,199,199,199,199,199,199,199,199,199,199,199,199,199,255,255,246,182,173,100,92,84,92,93,101,101,92,83,83,83,83,156,156,156,92,92,84,84,92,156,156,165,165,165,173,173,173,174,174,246,173,155,82,91,92,101,101,101,101,101,93,84,92,173,246,255,199,199,199,199,199,199,199,199,199,199,199,199,199,199,199,199,199,199,199,199,199,199,199,199,199,199,199,199,199,199,199,199,199,199,199,199,199,199,199,199,199,199,199,199,255,247,246,238,174,110,110,165,157,94,30,94,94,94,94,94,166,247,199,199,199,199,199,199,199,199,199,199,199,199,199,199,199,199,199,199,199,
199,199,199,199,199,199,199,199,199,199,199,199,199,199,199,199,199,199,199,199,199,199,199,199,199,199,199,199,199,199,199,246,173,100,92,93,101,101,101,93,92,83,84,92,156,156,156,156,157,157,156,157,165,165,173,174,174,174,174,174,174,174,174,173,91,91,92,101,101,101,101,101,101,101,83,92,182,199,199,199,199,199,199,199,199,199,199,199,199,199,199,199,199,199,199,199,199,199,199,199,199,199,199,199,199,199,199,199,199,199,199,199,199,199,199,199,199,199,199,199,199,199,199,255,246,174,173,174,119,118,101,93,94,95,102,94,94,94,94,166,247,199,199,199,199,199,199,199,199,199,199,199,199,199,199,199,199,199,199,199,
199,199,199,199,199,199,199,199,199,199,199,199,199,199,199,199,199,199,199,199,199,199,199,199,199,199,199,199,199,199,199,255,246,182,182,174,165,100,92,92,92,93,93,93,92,92,83,92,164,165,165,165,174,246,238,174,174,174,246,174,165,164,92,92,92,93,101,101,101,101,101,101,101,101,92,164,246,199,199,199,199,199,199,199,199,199,199,199,199,199,199,199,199,199,199,199,199,199,199,199,199,199,199,199,199,199,199,199,199,199,199,199,199,199,199,199,199,199,199,199,199,199,199,255,182,174,101,101,118,118,101,93,94,94,94,94,94,94,93,102,183,199,199,199,199,199,199,199,199,199,199,199,199,199,199,199,199,199,199,199,
199,199,199,199,199,199,199,199,199,199,199,199,199,199,199,199,199,199,199,199,199,199,199,199,199,199,199,199,199,199,199,199,199,199,199,246,173,164,100,92,101,101,101,101,92,92,83,92,164,165,165,165,173,173,173,173,173,173,173,173,164,92,91,92,93,101,101,101,101,101,101,101,101,101,100,164,246,255,255,199,199,199,199,199,199,199,199,199,199,199,199,199,199,199,199,199,199,199,199,199,199,199,199,199,199,199,199,199,199,199,199,199,199,199,199,199,199,199,199,199,199,199,199,247,174,110,101,102,118,119,102,94,94,94,94,94,102,94,94,94,174,255,255,199,199,199,199,199,199,199,199,199,199,199,199,199,199,199,199,199,
199,199,199,199,199,199,199,199,199,199,199,199,199,199,199,199,199,199,199,199,199,199,199,199,199,199,199,199,199,199,199,199,199,199,199,255,246,246,182,182,174,173,165,165,100,92,92,92,92,101,101,92,92,92,92,92,100,100,100,100,101,101,101,101,101,101,101,101,101,101,101,101,93,92,91,163,173,246,255,199,199,199,199,199,199,199,199,199,199,199,199,199,199,199,199,199,199,199,199,199,199,199,199,199,199,199,199,199,199,199,199,199,199,199,199,199,199,199,199,199,199,199,199,247,174,174,110,118,119,111,102,102,94,94,94,94,103,102,94,94,174,246,255,199,199,199,199,199,199,199,199,199,199,199,199,199,199,199,199,199,
199,199,199,199,199,199,199,199,199,199,199,199,199,199,199,199,199,199,199,199,199,199,199,199,199,199,199,199,199,199,199,199,199,199,199,199,199,199,199,255,246,246,173,165,164,100,92,92,92,93,93,92,92,83,92,92,92,92,92,92,101,102,101,101,101,101,101,101,101,101,101,101,93,92,91,92,173,182,182,182,246,246,246,246,246,254,255,255,255,199,199,199,199,199,199,199,199,199,199,199,199,199,199,199,199,199,199,199,199,199,199,199,199,199,199,199,199,199,199,199,199,199,199,247,174,110,111,111,111,111,102,102,94,94,94,94,111,111,102,94,101,174,247,199,199,199,199,199,199,199,199,199,199,199,199,199,199,199,199,199,
199,199,199,199,199,199,199,199,199,199,199,199,199,199,199,199,199,199,199,199,199,199,199,199,199,199,199,199,199,199,199,199,199,199,199,199,199,199,199,255,255,246,245,173,164,92,92,92,93,101,101,101,93,93,93,93,92,92,92,92,101,102,101,101,101,101,101,101,101,101,101,101,101,101,101,101,110,102,101,101,165,165,165,173,173,181,246,255,255,199,199,199,199,199,199,199,199,199,199,199,199,199,199,199,199,199,199,199,199,199,199,199,199,199,199,199,199,199,199,199,199,199,199,247,174,102,102,102,102,102,102,102,102,94,94,102,111,111,111,102,94,94,183,199,199,199,199,199,199,199,199,199,199,199,199,199,199,199,199,199,
199,199,199,199,199,199,199,199,199,199,199,199,199,199,199,199,199,199,199,199,199,199,199,199,199,199,199,199,199,199,199,199,199,199,199,255,246,246,246,246,182,182,182,173,165,101,92,92,101,101,101,101,101,101,101,93,92,92,92,92,101,101,101,101,101,101,101,101,101,101,101,101,101,101,102,102,102,102,93,93,101,101,101,101,165,173,182,182,182,246,246,246,255,255,255,199,199,199,199,199,199,199,199,199,199,199,199,199,199,199,199,199,199,199,199,199,199,199,199,199,199,199,199,247,174,102,94,94,94,102,102,102,102,94,94,94,103,111,111,111,94,94,174,246,255,199,199,199,199,199,199,199,199,199,199,199,199,199,199,199,
199,199,199,199,199,199,199,199,199,199,199,199,199,199,199,199,199,199,199,199,199,199,199,199,199,199,199,199,199,199,199,199,199,199,199,246,173,173,173,165,100,101,102,174,174,102,101,101,101,101,101,101,101,101,93,93,92,92,100,92,92,92,101,101,101,101,101,101,101,101,101,101,101,102,110,110,111,110,102,102,102,110,110,110,110,110,102,101,101,165,173,173,246,246,255,199,199,199,199,199,199,199,199,199,199,199,199,199,199,199,199,199,199,199,199,199,199,199,199,199,199,199,199,247,174,102,94,94,102,102,94,94,102,94,94,94,102,111,119,119,102,94,93,165,246,199,199,199,199,199,199,199,199,199,199,199,199,199,199,199,
199,199,199,199,199,199,199,199,199,199,199,199,199,199,199,199,199,199,199,199,199,199,199,199,199,199,199,199,199,255,255,246,246,182,182,174,173,165,165,101,92,93,102,111,111,111,102,101,101,101,101,101,101,93,93,93,101,101,165,165,92,92,92,101,101,101,101,101,101,101,101,101,102,102,110,111,174,175,175,175,111,111,111,111,111,103,102,101,101,101,165,173,173,182,182,182,246,246,246,254,255,255,255,246,246,246,255,255,255,199,199,199,199,199,199,199,199,199,199,199,199,199,199,247,166,101,102,102,94,94,94,94,102,94,94,86,94,102,119,119,111,102,101,165,246,199,199,199,199,199,199,199,199,199,199,199,199,199,199,199,
199,199,199,199,199,199,199,199,199,199,199,199,199,199,199,199,199,199,199,199,199,199,199,199,199,199,199,199,199,255,246,173,164,100,92,101,102,110,110,102,102,102,110,111,111,102,101,101,102,110,110,102,92,92,100,165,173,174,174,174,173,165,91,83,92,101,101,101,101,101,102,102,110,110,110,110,110,110,110,110,111,111,111,111,111,110,110,102,102,110,110,110,102,101,101,100,165,173,173,245,254,255,182,173,164,165,246,255,255,199,199,199,199,199,199,199,199,199,199,199,199,199,199,247,166,93,102,102,94,94,94,94,102,94,86,86,94,102,119,191,119,183,182,246,255,199,199,199,199,199,199,199,199,199,199,199,199,199,199,199,
199,199,199,199,199,199,199,199,199,199,199,199,199,199,199,199,199,199,199,255,255,255,246,246,246,246,246,246,182,182,173,165,100,92,92,93,102,111,111,111,175,175,175,110,102,102,101,101,102,102,102,102,93,100,173,173,182,182,182,182,182,173,92,91,92,93,101,101,101,102,102,110,111,111,110,110,110,110,110,110,110,110,110,110,110,110,175,175,111,111,111,111,102,101,93,92,101,165,165,173,182,182,173,165,92,100,182,255,255,199,199,199,199,199,199,199,199,199,199,199,199,255,247,182,102,102,94,94,94,94,94,94,94,94,86,86,94,102,183,191,119,183,255,255,255,199,199,199,199,199,199,199,199,199,199,199,199,199,199,199,
199,199,199,199,199,199,199,199,199,199,199,199,199,199,199,199,199,199,199,255,246,245,173,173,173,173,165,164,100,101,101,102,102,102,102,102,110,111,111,111,111,111,175,110,101,101,102,102,101,93,93,101,174,182,182,182,182,182,182,182,182,182,182,173,164,92,93,102,110,175,110,110,110,110,110,110,110,110,110,110,110,110,110,110,110,110,110,110,110,111,111,110,110,102,102,102,102,110,110,102,101,101,102,101,92,164,182,255,255,199,199,199,199,199,199,199,199,199,199,199,199,247,174,174,110,110,94,94,102,102,102,94,94,94,86,86,94,102,183,191,191,183,182,246,255,199,199,199,199,199,199,199,199,199,199,199,199,199,199,199,
199,199,199,199,199,199,199,199,199,199,199,199,199,199,199,255,255,255,255,246,173,173,173,165,165,165,100,92,92,93,102,102,111,175,175,175,174,110,110,110,110,111,175,110,93,92,102,102,101,100,100,165,182,255,255,255,183,182,182,182,182,183,255,182,173,164,101,101,102,111,175,175,110,110,110,110,110,110,110,110,110,110,110,110,110,110,110,110,110,110,110,110,110,110,175,111,111,111,111,102,93,93,102,101,92,100,174,182,174,182,255,199,199,199,199,199,199,199,199,255,247,182,174,110,118,111,94,94,111,111,102,94,94,94,86,94,102,111,183,191,183,182,174,174,247,199,199,199,199,199,199,199,199,199,199,199,199,199,199,199,
199,199,199,199,199,199,199,199,199,199,199,199,199,199,199,255,246,246,246,174,101,93,101,102,102,102,102,102,102,102,102,110,111,111,111,111,110,110,110,110,110,111,175,110,92,92,93,101,174,182,182,182,247,255,255,255,255,247,183,247,247,255,255,247,246,182,173,101,101,102,110,175,111,110,110,110,110,110,110,110,110,110,110,110,110,110,110,110,110,110,110,110,110,110,110,110,110,111,111,111,110,102,101,101,92,92,101,93,83,91,182,199,199,199,199,199,199,199,199,247,174,174,118,118,111,111,111,111,119,119,111,102,94,94,102,103,111,119,183,183,174,174,165,165,246,199,199,199,199,199,199,199,199,199,199,199,199,199,199,199,
199,199,199,199,199,199,199,199,199,199,199,199,199,199,199,246,173,173,173,173,101,93,102,102,111,111,111,111,111,175,174,110,110,110,110,110,110,110,110,110,110,175,175,110,92,92,92,101,182,255,255,255,255,255,255,255,255,255,255,255,255,255,255,255,255,246,181,173,101,101,102,111,111,110,110,110,110,110,110,110,110,110,110,110,110,110,102,110,110,110,110,110,110,110,110,110,110,111,111,110,110,102,101,101,93,92,92,83,82,91,182,199,199,199,199,199,199,199,255,247,174,110,119,119,111,111,119,119,127,119,111,102,94,94,111,111,119,183,183,183,166,101,93,165,246,199,199,199,199,199,199,199,199,199,199,199,199,199,199,199,
199,199,199,199,199,199,199,199,199,199,199,199,199,199,199,246,165,100,100,101,110,110,110,110,110,110,110,110,110,110,110,110,110,110,110,110,110,110,110,110,110,175,175,110,93,92,100,173,182,255,255,255,183,183,183,183,255,247,183,183,255,255,255,255,255,247,246,182,173,101,101,102,110,175,110,110,102,110,110,110,110,110,110,110,110,102,110,110,110,110,110,110,110,110,110,110,111,175,110,102,101,101,101,101,102,101,83,83,164,182,255,199,199,199,199,199,199,255,255,183,110,102,119,119,119,119,119,119,127,119,102,94,102,102,119,119,119,119,183,175,102,93,93,110,183,199,199,199,199,199,199,199,199,199,199,199,199,199,199,199,
199,199,199,199,199,199,199,199,199,199,199,199,199,199,199,246,173,164,164,165,101,110,110,110,110,110,110,110,110,110,110,110,110,110,110,110,110,110,110,110,110,175,175,102,92,91,164,173,182,255,255,191,183,183,183,183,183,183,183,183,183,183,247,247,183,247,255,246,181,173,101,101,102,110,110,110,110,110,110,111,110,110,111,110,110,110,110,110,110,110,110,110,110,110,110,110,111,110,102,101,92,92,101,101,101,92,83,91,173,255,255,199,199,199,199,199,199,255,255,182,101,101,110,119,119,119,119,119,119,119,102,94,166,175,183,127,119,119,183,111,94,94,102,174,247,199,199,199,199,199,199,199,199,199,199,199,199,199,199,199,
199,199,199,199,199,199,199,199,199,199,199,199,199,199,199,255,246,246,246,173,92,92,102,175,110,110,110,110,110,110,110,110,110,110,111,111,175,175,175,175,111,175,175,101,82,82,173,246,247,183,183,183,183,183,183,183,183,183,183,183,183,183,183,183,183,255,255,255,246,182,164,100,101,102,110,174,175,175,175,175,175,175,175,175,111,111,111,110,110,110,110,110,110,110,111,111,110,102,101,92,92,92,93,93,84,83,92,100,173,246,255,199,199,199,199,199,199,199,255,182,93,93,110,119,119,119,119,119,119,111,102,102,183,183,119,119,119,119,111,102,94,94,166,182,255,199,199,199,199,199,199,199,199,199,199,199,199,199,199,199,
199,199,199,199,199,199,199,199,199,199,199,199,199,199,199,199,199,199,199,246,164,92,102,102,110,110,110,110,110,102,102,102,102,110,110,110,110,110,110,110,110,110,102,101,83,91,182,255,247,183,183,183,183,183,183,183,183,183,183,183,183,183,183,183,183,183,183,255,255,246,173,164,101,101,110,174,102,102,102,110,110,110,110,110,110,110,111,110,110,102,102,102,110,110,110,102,102,101,92,92,83,91,93,93,92,92,101,173,173,246,255,199,199,199,199,199,199,199,199,246,165,101,110,119,119,119,119,119,119,111,111,111,183,191,119,119,119,119,102,94,22,94,174,246,255,199,199,199,199,199,199,199,199,199,199,199,199,199,199,199,
199,199,199,199,199,199,199,199,199,199,199,199,199,199,199,199,199,199,199,255,246,174,101,101,110,111,111,102,102,102,102,102,102,102,102,102,102,102,102,102,102,93,84,83,100,173,182,255,183,183,183,183,183,183,183,183,183,183,183,183,183,183,183,183,183,183,183,247,255,247,246,173,91,92,110,110,93,92,92,92,93,93,93,101,101,102,110,110,102,102,102,102,102,102,102,101,101,93,92,83,83,91,164,173,173,182,182,246,247,255,255,199,199,199,199,199,199,199,199,255,246,174,174,174,110,110,119,119,111,111,111,119,183,183,119,119,183,175,102,94,22,94,175,255,255,199,199,199,199,199,199,199,199,199,199,199,199,199,199,199,
199,199,199,199,199,199,199,199,199,199,199,199,199,199,199,199,199,199,199,255,255,182,92,92,101,110,110,102,102,101,101,101,101,101,101,101,101,101,101,101,101,92,83,91,173,191,183,183,183,183,183,183,183,183,183,183,183,183,183,183,183,183,183,183,183,183,183,183,183,255,255,182,164,92,101,101,92,92,92,92,92,92,92,92,93,101,101,101,101,101,101,101,101,101,101,101,101,92,92,92,92,100,173,246,255,199,199,199,199,199,199,199,199,199,199,199,199,199,199,199,199,255,246,174,101,110,111,111,111,111,119,119,119,119,119,119,183,111,94,22,22,94,183,199,199,199,199,199,199,199,199,199,199,199,199,199,199,199,199,199,
199,199,199,199,199,199,199,199,199,199,199,199,199,199,199,199,199,199,199,255,246,173,92,91,92,100,165,173,173,165,165,165,165,165,165,165,165,165,173,173,173,164,91,164,182,255,183,183,183,183,183,183,183,183,183,183,183,183,183,183,183,183,183,183,183,183,183,183,183,247,255,247,182,173,92,92,101,110,101,101,101,101,101,93,92,91,82,91,165,173,165,164,164,164,164,164,173,173,174,182,182,182,246,255,255,199,199,199,199,199,199,199,199,199,199,199,199,199,199,199,199,255,255,246,174,166,102,111,111,119,183,183,119,119,191,183,111,102,94,22,94,102,183,199,199,199,199,199,199,199,199,199,199,199,199,199,199,199,199,199,
199,199,199,199,199,199,199,199,199,199,199,199,199,199,199,199,199,199,199,255,246,173,164,100,164,164,173,173,173,173,173,173,173,173,173,173,173,173,173,181,181,173,164,164,182,255,183,183,183,183,183,183,183,183,183,183,183,183,183,183,183,183,183,183,183,183,183,183,183,183,183,255,255,182,92,92,110,174,110,102,101,101,101,101,92,91,82,83,164,173,173,173,173,173,173,173,173,246,255,199,199,199,199,199,199,199,199,199,199,199,199,199,199,199,199,199,199,199,199,199,199,199,199,255,246,174,102,102,111,119,183,183,119,119,191,183,102,94,86,22,22,102,183,199,199,199,199,199,199,199,199,199,199,199,199,199,199,199,199,199,
199,199,199,199,199,199,199,199,199,199,199,199,199,199,199,199,199,199,199,255,255,246,246,182,246,246,246,246,246,246,246,246,246,246,246,246,246,246,246,254,254,246,164,173,182,255,255,183,183,183,183,183,183,183,183,183,183,183,183,183,183,183,183,183,183,183,183,183,183,183,183,255,255,182,173,100,101,102,110,110,102,102,102,102,101,101,93,92,164,164,182,246,246,246,246,246,254,255,255,199,199,199,199,199,199,199,199,199,199,199,199,199,199,199,199,199,199,199,199,199,199,199,199,255,255,174,93,93,110,119,119,119,118,110,119,119,103,94,30,22,22,94,183,199,199,199,199,199,199,199,199,199,199,199,199,199,199,199,199,199,
199,199,199,199,199,199,199,199,199,199,199,199,199,199,199,199,199,199,199,199,199,199,199,199,199,199,199,199,199,199,199,199,199,199,199,199,199,199,199,199,199,246,173,173,182,255,255,255,247,183,247,183,183,183,183,183,183,183,183,183,183,183,183,183,183,183,183,183,183,183,183,183,255,182,181,173,101,101,110,175,110,102,110,102,102,102,102,101,100,164,182,246,255,199,199,199,199,199,199,199,199,199,199,199,199,199,199,199,199,199,199,199,199,199,199,199,199,199,199,199,199,199,199,199,199,246,165,101,110,119,119,118,110,109,110,110,102,102,94,94,94,102,183,199,199,199,199,199,199,199,199,199,199,199,199,199,199,199,199,199,
199,199,199,199,199,199,199,199,199,199,199,199,199,199,199,199,199,199,199,199,199,199,199,199,199,199,199,199,199,199,199,199,199,199,199,199,199,199,199,199,199,246,165,165,182,255,255,255,255,255,255,255,255,183,183,183,183,183,183,183,183,183,183,183,183,183,183,183,183,183,183,183,183,247,246,174,92,92,102,175,110,110,110,110,110,110,110,110,102,101,165,173,246,199,199,199,199,199,199,199,199,199,199,199,199,199,199,199,199,199,199,199,199,199,199,199,199,199,199,199,199,199,199,199,199,255,246,182,183,183,183,174,101,93,101,102,102,166,174,174,174,183,255,199,199,199,199,199,199,199,199,199,199,199,199,199,199,199,199,199,
199,199,199,199,199,199,199,199,199,199,199,199,199,199,199,199,199,199,199,199,199,199,199,199,199,199,199,199,199,199,199,199,199,199,199,199,199,199,199,199,199,246,164,164,182,255,255,255,255,255,255,255,255,247,183,183,183,183,183,183,183,183,183,183,183,183,183,183,183,183,183,183,183,247,255,182,92,92,102,175,111,110,110,110,110,110,175,111,111,102,101,164,246,255,255,199,199,199,199,199,199,199,199,199,199,199,199,199,199,199,199,199,199,199,199,199,199,199,199,199,199,199,199,199,199,199,199,255,255,246,246,174,101,93,92,93,174,174,246,246,255,199,199,199,199,199,199,199,199,199,199,199,199,199,199,199,199,199,199,199,
199,199,199,199,199,199,199,199,199,199,199,199,199,199,199,199,199,199,199,199,199,199,199,199,199,199,199,199,199,199,199,199,199,199,199,199,199,199,199,199,199,246,164,164,182,255,255,255,255,255,255,255,255,255,255,255,183,183,183,183,183,183,183,183,183,183,183,183,183,183,183,183,183,183,255,182,164,100,102,111,111,110,110,110,110,110,110,111,111,102,101,101,173,246,255,199,199,199,199,199,199,199,199,199,199,199,199,199,199,199,199,199,199,199,199,199,199,199,199,199,199,199,199,199,199,199,199,255,255,246,173,173,102,102,92,100,174,247,255,255,255,199,199,199,199,199,199,199,199,199,199,199,199,199,199,199,199,199,199,199,
199,199,199,199,199,199,199,199,199,199,199,199,199,199,199,199,199,199,199,199,199,199,199,199,199,199,199,199,199,199,199,199,199,199,199,199,199,199,199,199,199,246,164,164,182,255,255,255,255,255,255,255,255,255,247,247,247,183,183,183,183,183,183,183,183,183,183,183,183,183,183,183,183,183,191,182,173,165,101,102,110,175,175,110,110,110,110,110,175,110,102,102,165,173,246,255,255,199,199,199,199,199,199,199,199,199,199,199,199,199,199,199,199,199,199,199,199,199,199,199,199,199,199,199,199,199,199,199,199,246,164,164,110,102,92,164,246,199,199,199,199,199,199,199,199,199,199,199,199,199,199,199,199,199,199,199,199,199,199,199,
199,199,199,199,199,199,199,199,199,199,199,199,199,199,199,199,199,199,199,199,199,199,199,199,199,199,199,199,199,199,199,199,199,199,199,199,199,199,199,199,199,246,165,165,182,255,255,255,255,255,255,255,255,247,183,183,183,247,183,183,183,183,183,183,183,183,183,183,183,183,183,183,183,183,183,183,246,174,101,93,102,175,175,111,110,110,110,110,174,111,111,102,93,101,182,254,255,199,199,199,199,199,199,199,199,199,199,199,199,199,199,199,199,199,199,199,199,199,199,199,199,199,199,199,199,199,199,199,199,182,92,92,110,110,92,100,182,199,199,199,199,199,199,199,199,199,199,199,199,199,199,199,199,199,199,199,199,199,199,199,
199,199,199,199,199,199,199,199,199,199,199,199,199,199,199,199,199,199,199,199,199,199,199,199,199,199,199,199,199,199,199,199,199,199,199,199,199,199,199,199,199,246,173,173,182,255,255,255,255,255,255,255,255,255,183,183,183,183,183,183,183,183,183,183,183,183,183,183,183,183,183,183,183,183,183,247,255,182,92,92,102,175,175,111,110,110,110,110,110,175,175,110,101,101,173,173,254,199,199,199,199,199,199,199,199,199,199,199,199,199,199,199,199,199,199,199,199,199,199,199,199,199,199,199,199,199,199,255,246,173,92,92,110,110,92,100,182,199,199,199,199,199,199,199,199,199,199,199,199,199,199,199,199,199,199,199,199,199,199,199,
199,199,199,199,199,199,199,199,199,199,199,199,199,199,199,199,199,199,199,199,199,199,199,199,199,199,199,199,199,199,199,199,199,199,199,199,199,199,199,199,199,246,173,173,182,255,255,255,255,255,255,255,255,255,255,183,183,183,183,183,183,183,183,183,183,183,183,183,183,183,183,183,183,183,183,247,255,182,100,92,102,111,111,111,110,110,110,110,110,110,110,110,110,102,92,100,182,199,199,199,199,199,199,199,199,199,199,199,199,199,199,199,199,199,199,199,199,199,199,199,199,199,199,199,199,199,199,246,164,91,93,102,111,110,92,100,182,199,199,199,199,199,199,199,199,199,199,199,199,199,199,199,199,199,199,199,199,199,199,199,
199,199,199,199,199,199,199,199,199,199,199,199,199,199,199,199,199,199,199,199,199,199,199,199,199,199,199,199,199,199,199,199,199,199,199,199,199,199,199,199,255,246,173,173,182,255,255,255,255,255,255,255,255,255,255,247,183,183,183,183,183,183,183,183,183,183,183,183,183,183,183,183,183,183,183,255,255,182,165,101,110,111,111,111,110,110,110,110,110,110,110,110,175,110,93,92,173,182,255,199,199,199,199,199,199,199,199,199,199,199,199,199,199,199,199,199,199,199,199,199,199,199,199,199,199,255,246,173,91,83,101,110,111,110,92,164,246,199,199,199,199,199,199,199,199,199,199,199,199,199,199,199,199,199,199,199,199,199,199,199,
199,199,199,199,199,199,199,199,199,199,199,199,199,199,199,199,199,199,199,199,199,199,199,199,199,199,199,199,199,199,199,199,199,199,199,199,199,199,199,255,255,246,173,173,182,255,255,255,255,255,255,255,255,255,255,255,247,183,183,183,183,183,183,183,183,183,183,183,183,183,183,183,183,183,191,255,255,182,173,101,110,111,111,111,111,110,110,110,110,110,110,110,174,110,110,101,91,92,182,199,199,199,199,199,199,199,199,199,199,199,199,199,199,199,199,199,199,199,199,199,199,199,199,199,199,246,173,164,92,92,101,102,111,102,100,164,246,199,199,199,199,199,199,199,199,199,199,199,199,199,199,199,199,199,199,199,199,199,199,199,
199,199,199,199,199,199,199,199,199,199,199,199,199,199,199,199,199,199,199,199,199,199,199,199,199,199,199,199,199,199,199,199,199,199,199,199,199,255,254,246,182,174,164,165,182,255,255,255,255,255,255,255,255,255,255,255,255,255,183,183,183,183,183,183,183,183,183,183,183,183,183,183,183,183,183,255,255,182,173,165,102,102,102,102,110,110,110,110,110,110,110,110,110,174,175,102,92,91,173,246,255,199,199,199,199,199,199,199,199,199,199,199,199,199,199,199,199,199,199,199,199,199,199,255,246,173,164,92,92,93,101,101,101,101,164,173,246,199,199,199,199,199,199,199,199,199,199,199,199,199,199,199,199,199,199,199,199,199,199,199,
199,199,199,199,199,199,199,199,199,199,199,199,199,199,199,199,199,199,199,199,199,199,199,199,199,199,199,199,199,199,199,199,199,199,199,199,199,254,181,173,101,101,92,165,246,255,255,255,255,255,255,255,255,255,255,255,255,255,255,247,247,183,183,183,183,183,183,183,183,183,183,183,183,183,183,183,183,182,173,165,101,93,93,101,102,111,110,110,110,110,110,110,110,110,110,110,102,101,91,155,246,199,199,199,199,199,199,199,199,199,199,199,199,199,199,199,199,199,199,199,199,199,199,246,172,92,92,92,93,101,102,101,83,83,173,246,255,199,199,199,199,199,199,199,199,199,199,199,199,199,199,199,199,199,199,199,199,199,199,199,
199,199,199,199,199,199,199,199,199,199,199,199,199,199,199,199,199,199,199,199,199,199,199,199,199,199,199,199,199,199,199,199,199,199,199,255,246,182,173,165,101,93,92,101,182,255,255,255,255,255,255,255,255,255,255,255,255,255,255,255,255,247,183,183,183,183,183,183,183,183,183,183,182,182,182,182,183,182,173,165,101,93,93,101,110,175,110,110,110,110,110,110,110,110,110,110,111,102,91,91,173,246,255,199,199,199,199,199,199,199,199,199,199,199,199,199,199,199,199,255,255,246,182,173,92,91,92,92,101,101,102,92,74,82,173,199,199,199,199,199,199,199,199,199,199,199,199,199,199,199,199,199,199,199,199,199,199,199,199,199,
199,199,199,199,199,199,199,199,199,199,199,199,199,199,199,199,199,199,199,199,199,199,199,199,199,199,199,199,199,199,199,199,199,199,199,246,173,101,174,174,174,102,93,101,182,255,255,255,255,255,255,255,255,255,255,255,255,255,255,255,255,255,183,183,183,183,183,183,182,182,182,182,182,182,174,182,182,174,100,92,102,110,110,110,174,175,174,174,110,110,110,110,110,110,110,110,110,102,102,101,164,164,246,199,199,199,199,199,199,199,199,199,199,199,199,199,199,199,199,255,246,173,92,91,92,92,93,101,101,101,101,92,82,91,182,199,199,199,199,199,199,199,199,199,199,199,199,199,199,199,199,199,199,199,199,199,199,199,199,199,
199,199,199,199,199,199,199,199,199,199,199,199,199,199,199,199,199,199,199,199,199,199,199,199,199,199,199,199,199,199,199,255,255,255,246,174,101,101,102,175,175,174,101,101,173,182,183,255,255,247,247,247,247,255,255,255,255,255,255,255,183,183,183,183,182,182,182,182,182,182,182,174,174,174,174,174,174,173,101,101,174,175,175,175,175,175,175,174,110,110,110,110,110,110,110,110,110,110,111,102,91,164,246,199,199,199,199,199,199,199,199,255,255,255,255,255,246,246,182,173,173,164,83,83,92,93,101,101,101,101,92,92,91,164,246,199,199,199,199,199,199,199,199,199,199,199,199,199,199,199,199,199,199,199,199,199,199,199,199,199,
199,199,199,199,199,199,199,199,199,199,199,199,199,199,199,199,199,199,199,199,199,199,199,199,199,199,199,199,199,199,199,255,255,246,173,101,102,110,174,175,175,174,174,101,92,100,182,183,182,182,182,182,182,183,183,183,183,183,183,183,182,182,182,182,182,182,182,174,174,174,174,174,174,174,174,174,173,165,102,174,174,175,175,175,175,175,175,175,174,110,110,110,110,110,110,110,110,110,175,102,92,92,182,199,199,199,199,199,199,199,199,255,246,246,246,246,173,164,91,91,92,92,92,92,93,101,101,101,93,92,92,164,173,246,255,199,199,199,199,199,199,199,199,199,199,199,199,199,199,199,199,199,199,199,199,199,199,199,199,199,
199,199,199,199,199,199,199,199,199,199,199,199,199,199,199,199,199,199,199,199,199,199,199,199,199,199,199,199,199,199,199,255,246,174,101,101,174,175,175,174,174,175,175,174,92,92,173,182,182,182,182,182,182,182,182,182,182,182,182,182,182,182,182,182,174,174,174,174,174,174,174,174,174,174,182,174,164,101,174,175,175,182,174,182,183,183,175,175,174,110,110,110,110,110,110,110,110,110,175,110,93,93,174,182,182,182,182,182,182,182,182,174,173,173,173,173,164,91,83,83,84,92,93,101,101,93,93,93,92,92,91,164,246,255,255,199,199,199,199,199,199,199,199,199,199,199,199,199,199,199,199,199,199,199,199,199,199,199,199,199,
199,199,199,199,199,199,199,199,199,199,199,199,199,199,199,199,199,199,199,199,199,199,199,199,199,199,199,199,199,199,199,246,173,101,174,174,175,175,175,174,174,175,175,174,101,101,165,173,182,182,182,182,182,182,182,182,182,182,182,182,182,174,174,174,174,182,182,182,182,182,182,174,174,174,182,174,100,101,174,183,183,175,175,183,183,175,175,174,110,110,110,110,110,110,110,110,110,110,175,110,102,101,101,100,100,100,100,92,92,91,91,91,92,92,92,92,92,92,92,92,92,92,93,93,93,92,92,92,100,100,100,164,246,255,199,199,199,199,199,199,199,199,199,199,199,199,199,199,199,199,199,199,199,199,199,199,199,199,199,199,
199,199,199,199,199,199,199,199,199,199,199,199,199,199,199,199,199,199,199,199,199,199,199,199,199,199,199,199,199,255,246,174,165,101,174,183,183,183,175,175,174,175,175,175,102,102,100,164,174,182,182,182,182,182,182,182,182,182,182,182,182,174,174,174,174,182,182,182,182,182,182,182,174,174,182,174,101,101,174,183,183,175,183,183,175,175,175,174,110,110,110,110,110,110,110,110,110,110,111,111,174,102,92,91,92,91,91,91,83,83,83,83,84,92,92,92,92,93,93,101,101,93,92,92,92,92,92,92,100,164,164,173,246,199,199,199,199,199,199,199,199,199,199,199,199,199,199,199,199,199,199,199,199,199,199,199,199,199,199,199,
199,199,199,199,199,199,199,199,199,199,199,199,199,199,199,199,199,199,199,199,199,199,199,199,199,199,199,199,199,246,165,164,174,182,183,183,183,183,175,175,174,175,175,175,175,102,92,92,173,174,174,174,182,182,182,182,182,182,182,182,182,182,174,174,182,182,182,182,182,174,182,182,182,182,182,173,101,101,174,183,183,182,183,183,175,175,174,110,110,110,110,110,110,110,110,110,110,110,111,110,102,101,93,92,92,92,92,92,92,92,92,92,92,92,92,92,92,93,93,93,93,93,93,92,83,91,100,164,100,164,173,246,255,199,199,199,199,199,199,199,199,199,199,199,199,199,199,199,199,199,199,199,199,199,199,199,199,199,199,199,
199,199,199,199,199,199,199,199,199,199,199,199,199,199,199,199,199,199,199,199,199,199,199,199,199,199,199,199,255,182,100,92,174,183,183,183,182,174,174,174,175,175,174,174,110,102,92,92,165,173,165,173,174,182,182,182,182,182,182,182,182,182,182,182,182,182,182,182,174,174,182,182,182,182,182,173,101,101,174,183,175,174,174,174,175,175,110,110,110,110,110,110,110,110,110,110,110,110,110,110,102,101,92,92,92,93,93,93,93,93,101,101,93,93,93,93,92,92,93,92,92,92,92,92,91,91,164,164,164,173,246,199,199,199,199,199,199,199,199,199,199,199,199,199,199,199,199,199,199,199,199,199,199,199,199,199,199,199,199,199,
199,199,199,199,199,199,199,199,199,199,199,199,199,199,199,199,199,199,199,199,199,199,199,199,199,199,199,255,255,182,100,92,174,183,183,174,174,174,174,174,175,175,110,102,101,101,101,101,92,92,92,92,164,173,182,183,182,182,182,182,174,174,174,182,182,182,182,182,174,174,182,182,182,182,182,173,101,101,174,175,175,174,174,174,174,110,110,110,110,110,110,110,110,110,110,110,110,110,102,102,102,93,83,83,92,101,93,92,92,92,92,92,92,92,92,92,92,93,93,93,92,92,92,92,100,100,164,164,173,246,255,199,199,199,199,199,199,199,199,199,199,199,199,199,199,199,199,199,199,199,199,199,199,199,199,199,199,199,199,199,
199,199,199,199,199,199,199,199,199,199,199,199,199,199,199,199,199,199,199,199,199,199,199,199,199,199,199,255,246,174,101,101,174,183,174,174,174,174,110,110,110,110,102,101,101,101,101,101,92,92,92,92,92,165,173,182,182,182,182,182,182,174,174,182,182,182,182,182,174,174,182,182,182,182,182,173,93,93,174,175,175,174,174,174,110,110,110,110,110,110,110,110,110,110,110,110,110,110,102,102,101,92,83,82,92,101,92,92,92,92,92,92,92,92,92,92,92,92,92,92,92,92,91,92,164,173,173,173,246,199,199,199,199,199,199,199,199,199,199,199,199,199,199,199,199,199,199,199,199,199,199,199,199,199,199,199,199,199,199,199,
199,199,199,199,199,199,199,199,199,199,199,199,199,199,199,199,199,199,199,199,199,199,199,199,199,199,199,246,173,173,166,110,174,175,174,174,174,110,110,102,102,101,101,101,101,101,101,101,101,101,101,101,93,92,92,100,173,182,183,183,182,174,174,174,182,182,182,182,174,174,182,182,182,182,182,174,92,92,110,175,175,111,111,110,110,110,110,110,110,110,110,111,111,111,111,110,102,102,101,101,101,92,83,83,92,101,92,92,92,92,93,93,93,93,93,93,92,92,92,92,100,100,92,92,165,173,246,246,255,199,199,199,199,199,199,199,199,199,199,199,199,199,199,199,199,199,199,199,199,199,199,199,199,199,199,199,199,199,199,199,
199,199,199,199,199,199,199,199,199,199,199,199,199,199,199,199,199,199,199,199,199,199,199,199,199,199,199,246,172,164,174,175,175,174,174,110,102,102,102,102,101,101,101,101,101,101,101,101,101,101,101,101,101,93,92,92,165,173,174,182,182,182,182,182,182,182,182,182,182,182,182,182,182,182,182,174,92,92,102,175,110,110,110,110,110,110,110,110,110,110,110,110,110,110,110,102,102,101,101,101,101,92,83,83,92,93,92,92,92,92,92,92,92,92,92,92,92,92,92,92,164,164,164,165,173,246,255,199,199,199,199,199,199,199,199,199,199,199,199,199,199,199,199,199,199,199,199,199,199,199,199,199,199,199,199,199,199,199,199,199,
199,199,199,199,199,199,199,199,199,199,199,199,199,199,199,199,199,199,199,199,199,199,199,199,199,199,199,246,164,164,102,111,110,110,102,102,102,101,101,101,101,101,101,101,101,101,101,101,101,101,101,101,101,101,101,101,92,92,92,165,182,247,183,183,183,183,183,182,182,182,182,182,182,182,183,174,91,91,101,102,102,102,102,102,102,102,102,102,102,110,110,110,102,102,102,101,101,101,101,101,101,92,83,83,92,93,93,92,92,92,83,91,92,92,92,92,100,164,100,100,100,164,173,246,246,255,255,199,199,199,199,199,199,199,199,199,199,199,199,199,199,199,199,199,199,199,199,199,199,199,199,199,199,199,199,199,199,199,199,199,
199,199,199,199,199,199,199,199,199,199,199,199,199,199,199,199,199,199,199,199,199,199,199,199,199,199,199,246,173,164,101,102,102,102,102,101,101,101,101,101,101,101,101,101,101,101,101,101,101,101,101,101,101,101,102,101,93,92,92,92,173,174,174,174,174,174,174,174,174,174,182,182,182,182,183,182,164,92,93,101,102,102,102,102,102,102,102,102,102,102,102,102,102,101,101,101,101,101,101,101,101,92,83,83,92,93,92,92,92,92,92,91,91,91,91,92,164,164,173,173,164,173,246,199,199,199,199,199,199,199,199,199,199,199,199,199,199,199,199,199,199,199,199,199,199,199,199,199,199,199,199,199,199,199,199,199,199,199,199,199,
199,199,199,199,199,199,199,199,199,199,199,199,199,199,199,199,199,199,199,199,199,199,199,199,199,199,199,255,246,173,92,84,101,101,101,101,101,101,101,101,101,101,101,101,101,101,101,101,101,101,101,101,101,101,101,101,101,101,101,93,92,83,83,83,83,91,92,164,165,173,174,174,182,182,182,182,182,173,91,83,101,102,102,101,101,101,101,101,101,101,101,101,101,101,101,101,101,101,101,101,101,93,83,83,92,100,92,100,164,165,165,164,92,91,91,91,100,164,173,246,246,246,255,199,199,199,199,199,199,199,199,199,199,199,199,199,199,199,199,199,199,199,199,199,199,199,199,199,199,199,199,199,199,199,199,199,199,199,199,199,
199,199,199,199,199,199,199,199,199,199,199,199,199,199,199,199,199,199,199,199,199,199,199,199,199,199,199,255,255,182,91,83,92,101,101,101,101,101,101,101,101,101,101,101,101,101,101,101,101,101,101,101,101,101,101,101,101,101,101,101,92,83,83,83,91,91,100,164,173,173,174,174,182,182,182,182,246,173,91,83,92,93,93,93,101,101,101,101,101,101,101,101,101,101,101,101,101,101,101,101,101,93,83,83,92,100,100,100,164,173,173,173,164,164,164,164,164,173,246,255,255,199,199,199,199,199,199,199,199,199,199,199,199,199,199,199,199,199,199,199,199,199,199,199,199,199,199,199,199,199,199,199,199,199,199,199,199,199,199,199,
199,199,199,199,199,199,199,199,199,199,199,199,199,199,199,199,199,199,199,199,199,199,199,199,199,199,199,199,255,246,164,91,93,101,101,101,101,101,101,101,101,101,101,101,101,101,101,101,101,101,101,101,101,101,93,92,92,92,100,165,173,173,174,174,182,182,182,246,246,246,182,173,173,173,173,173,173,164,164,91,83,83,83,83,93,101,101,101,101,101,101,101,101,101,101,101,101,101,101,101,101,93,83,83,91,100,100,164,164,164,173,182,182,246,246,246,246,246,255,255,255,199,199,199,199,199,199,199,199,199,199,199,199,199,199,199,199,199,199,199,199,199,199,199,199,199,199,199,199,199,199,199,199,199,199,199,199,199,199,199,
199,199,199,199,199,199,199,199,199,199,199,199,199,199,199,199,199,199,199,199,199,199,199,199,199,199,199,255,255,246,164,92,92,93,101,101,101,101,101,101,101,101,101,101,101,101,101,101,101,101,101,101,101,101,92,92,92,164,173,173,246,255,255,199,199,199,199,199,199,255,246,246,182,173,173,173,173,173,173,164,91,91,91,91,93,101,101,101,101,101,101,101,101,101,101,101,101,101,101,101,101,93,83,91,164,173,173,173,173,173,182,246,255,199,199,199,199,199,199,199,199,199,199,199,199,199,199,199,199,199,199,199,199,199,199,199,199,199,199,199,199,199,199,199,199,199,199,199,199,199,199,199,199,199,199,199,199,199,199,199,
199,199,199,199,199,199,199,199,199,199,199,199,199,199,199,199,199,199,199,199,199,199,199,199,199,199,199,255,255,246,173,100,92,92,93,101,101,101,101,101,101,101,101,101,101,101,101,101,101,101,101,101,101,92,91,91,173,246,246,246,255,255,255,199,199,199,199,199,199,255,255,255,255,246,246,246,246,246,246,246,182,182,182,173,100,92,93,101,101,101,101,101,101,101,101,101,101,101,101,101,101,93,92,92,173,246,246,246,246,246,255,255,255,199,199,199,199,199,199,199,199,199,199,199,199,199,199,199,199,199,199,199,199,199,199,199,199,199,199,199,199,199,199,199,199,199,199,199,199,199,199,199,199,199,199,199,199,199,199,199,
199,199,199,199,199,199,199,199,199,199,199,199,199,199,199,199,199,199,199,199,199,199,199,255,255,255,255,246,182,173,173,101,92,92,92,93,101,101,101,101,101,101,101,101,101,101,101,101,101,101,101,101,93,92,83,91,182,199,199,199,199,199,199,199,199,199,199,199,199,199,199,199,199,199,199,199,199,199,199,199,199,199,199,246,172,100,92,93,101,101,101,101,101,101,101,101,101,101,101,101,101,93,92,92,182,255,255,199,199,199,199,199,199,199,199,199,199,199,199,199,199,199,199,199,199,199,199,199,199,199,199,199,199,199,199,199,199,199,199,199,199,199,199,199,199,199,199,199,199,199,199,199,199,199,199,199,199,199,199,199,
199,199,199,199,199,199,199,199,199,199,199,199,199,199,199,199,199,199,199,199,199,199,199,255,255,246,246,173,92,92,165,165,93,92,92,92,93,101,101,101,101,101,101,101,101,101,101,101,101,101,101,101,93,92,83,91,182,199,199,199,199,199,199,199,199,199,199,199,199,199,199,199,199,199,199,199,199,199,199,199,199,199,199,255,246,173,100,92,101,101,101,101,101,101,101,101,101,101,101,101,101,101,92,92,173,246,255,199,199,199,199,199,199,199,199,199,199,199,199,199,199,199,199,199,199,199,199,199,199,199,199,199,199,199,199,199,199,199,199,199,199,199,199,199,199,199,199,199,199,199,199,199,199,199,199,199,199,199,199,199,
199,199,199,199,199,199,199,199,199,199,199,199,199,199,199,199,199,199,199,199,199,255,255,246,246,246,173,164,92,92,173,173,101,92,92,92,101,101,101,101,101,93,93,93,93,101,101,101,101,101,101,101,101,92,91,164,246,199,199,199,199,199,199,199,199,199,199,199,199,199,199,199,199,199,199,199,199,199,199,199,199,199,199,199,199,246,173,100,93,93,101,101,101,101,101,101,101,101,101,101,101,101,93,93,165,173,182,246,255,199,199,199,199,199,199,199,199,199,199,199,199,199,199,199,199,199,199,199,199,199,199,199,199,199,199,199,199,199,199,199,199,199,199,199,199,199,199,199,199,199,199,199,199,199,199,199,199,199,199,199,
199,199,199,199,199,199,199,199,199,199,199,199,199,199,199,199,199,199,199,199,199,255,182,173,173,173,173,173,173,173,246,182,164,100,165,173,173,164,92,92,92,92,84,83,92,92,100,164,164,164,164,164,165,173,173,246,255,199,199,199,199,199,199,199,199,199,199,199,199,199,199,199,199,199,199,199,199,199,199,199,199,199,199,199,199,255,246,173,92,92,101,101,101,101,101,101,101,101,101,101,101,101,102,101,92,91,91,164,246,199,199,199,199,199,199,199,199,199,199,199,199,199,199,199,199,199,199,199,199,199,199,199,199,199,199,199,199,199,199,199,199,199,199,199,199,199,199,199,199,199,199,199,199,199,199,199,199,199,199,199,
199,199,199,199,199,199,199,199,199,199,199,199,199,199,199,199,199,199,199,199,199,246,173,173,173,173,164,173,173,182,246,173,164,164,173,173,173,164,92,92,92,92,92,92,100,164,173,173,173,173,173,173,173,246,255,199,199,199,199,199,199,199,199,199,199,199,199,199,199,199,199,199,199,199,199,199,199,199,199,199,199,199,199,199,199,199,199,182,100,92,101,101,101,101,101,101,101,101,93,101,101,101,101,93,83,82,91,164,173,246,255,255,255,199,199,199,199,199,199,199,199,199,199,199,199,199,199,199,199,199,199,199,199,199,199,199,199,199,199,199,199,199,199,199,199,199,199,199,199,199,199,199,199,199,199,199,199,199,199,199,
199,199,199,199,199,199,199,199,199,199,199,199,199,199,199,199,199,199,199,199,199,246,173,173,173,173,164,164,173,173,164,164,164,172,164,164,173,173,164,165,174,182,182,182,182,246,246,246,246,246,246,246,246,255,255,199,199,199,199,199,199,199,199,199,199,199,199,199,199,199,199,199,199,199,199,199,199,199,199,199,199,199,199,199,199,199,199,246,173,100,101,101,101,102,102,101,92,92,84,92,101,101,92,91,82,82,173,173,164,164,182,255,255,199,199,199,199,199,199,199,199,199,199,199,199,199,199,199,199,199,199,199,199,199,199,199,199,199,199,199,199,199,199,199,199,199,199,199,199,199,199,199,199,199,199,199,199,199,199,199,
199,199,199,199,199,199,199,199,199,199,199,199,199,199,199,199,199,199,199,199,199,255,182,173,182,173,164,164,173,173,164,164,173,173,173,173,173,173,173,181,254,255,255,199,199,199,199,199,199,199,199,199,199,199,199,199,199,199,199,199,199,199,199,199,199,199,199,199,199,199,199,199,199,199,199,199,199,199,199,199,199,199,199,199,199,199,199,254,173,173,101,93,93,93,93,92,100,100,92,92,93,93,164,155,91,155,173,173,164,164,182,255,255,199,199,199,199,199,199,199,199,199,199,199,199,199,199,199,199,199,199,199,199,199,199,199,199,199,199,199,199,199,199,199,199,199,199,199,199,199,199,199,199,199,199,199,199,199,199,199,
199,199,199,199,199,199,199,199,199,199,199,199,199,199,199,199,199,199,199,199,199,255,255,246,246,173,164,173,246,246,173,164,173,173,246,246,246,246,246,254,255,255,199,199,199,199,199,199,199,199,199,199,199,199,199,199,199,199,199,199,199,199,199,199,199,199,199,199,199,199,199,199,199,199,199,199,199,199,199,199,199,199,199,199,199,199,199,255,254,173,100,83,83,83,10,83,173,182,182,173,83,83,172,245,181,173,91,91,164,173,246,255,255,199,199,199,199,199,199,199,199,199,199,199,199,199,199,199,199,199,199,199,199,199,199,199,199,199,199,199,199,199,199,199,199,199,199,199,199,199,199,199,199,199,199,199,199,199,199,199,
199,199,199,199,199,199,199,199,199,199,199,199,199,199,199,199,199,199,199,199,199,199,199,255,246,182,173,182,255,255,182,173,173,182,255,199,199,199,199,199,199,199,199,199,199,199,199,199,199,199,199,199,199,199,199,199,199,199,199,199,199,199,199,199,199,199,199,199,199,199,199,199,199,199,199,199,199,199,199,199,199,199,199,199,199,199,199,199,199,246,164,91,91,83,82,91,173,246,246,173,82,82,173,246,246,173,82,82,173,246,255,255,255,199,199,199,199,199,199,199,199,199,199,199,199,199,199,199,199,199,199,199,199,199,199,199,199,199,199,199,199,199,199,199,199,199,199,199,199,199,199,199,199,199,199,199,199,199,199,199,
199,199,199,199,199,199,199,199,199,199,199,199,199,199,199,199,199,199,199,199,199,199,199,255,255,255,246,255,255,255,255,246,246,255,255,199,199,199,199,199,199,199,199,199,199,199,199,199,199,199,199,199,199,199,199,199,199,199,199,199,199,199,199,199,199,199,199,199,199,199,199,199,199,199,199,199,199,199,199,199,199,199,199,199,199,199,199,199,199,255,246,182,182,174,173,173,164,164,164,164,164,164,173,173,173,164,155,164,174,246,255,255,255,199,199,199,199,199,199,199,199,199,199,199,199,199,199,199,199,199,199,199,199,199,199,199,199,199,199,199,199,199,199,199,199,199,199,199,199,199,199,199,199,199,199,199,199,199,199,199,
199,199,199,199,199,199,199,199,199,199,199,199,199,199,199,199,199,199,199,199,199,199,199,199,199,199,199,199,199,199,199,199,199,199,199,199,199,199,199,199,199,199,199,199,199,199,199,199,199,199,199,199,199,199,199,199,199,199,199,199,199,199,199,199,199,199,199,199,199,199,199,199,199,199,199,199,199,199,199,199,199,199,199,199,199,199,199,199,199,199,199,199,199,199,199,246,164,164,164,173,173,173,173,173,173,173,173,173,246,255,255,199,199,199,199,199,199,199,199,199,199,199,199,199,199,199,199,199,199,199,199,199,199,199,199,199,199,199,199,199,199,199,199,199,199,199,199,199,199,199,199,199,199,199,199,199,199,199,199,199,
199,199,199,199,199,199,199,199,199,199,199,199,199,199,199,199,199,199,199,199,199,199,199,199,199,199,199,199,199,199,199,199,199,199,199,199,199,199,199,199,199,199,199,199,199,199,199,199,199,199,199,199,199,199,199,199,199,199,199,199,199,199,199,199,199,199,199,199,199,199,199,199,199,199,199,199,199,199,199,199,199,199,199,199,199,199,199,199,199,199,199,199,199,199,199,255,246,246,246,246,246,246,246,246,246,246,246,246,255,255,255,199,199,199,199,199,199,199,199,199,199,199,199,199,199,199,199,199,199,199,199,199,199,199,199,199,199,199,199,199,199,199,199,199,199,199,199,199,199,199,199,199,199,199,199,199,199,199,199,199,
199,199,199,199,199,199,199,199,199,199,199,199,199,199,199,199,199,199,199,199,199,199,199,199,199,199,199,199,199,199,199,199,199,199,199,199,199,199,199,199,199,199,199,199,199,199,199,199,199,199,199,199,199,199,199,199,199,199,199,199,199,199,199,199,199,199,199,199,199,199,199,199,199,199,199,199,199,199,199,199,199,199,199,199,199,199,199,199,199,199,199,199,199,199,199,199,199,199,199,199,199,199,199,199,199,199,199,199,199,199,199,199,199,199,199,199,199,199,199,199,199,199,199,199,199,199,199,199,199,199,199,199,199,199,199,199,199,199,199,199,199,199,199,199,199,199,199,199,199,199,199,199,199,199,199,199,199,199,199,199,
199,199,199,199,199,199,199,199,199,199,199,199,199,199,199,199,199,199,199,199,199,199,199,199,199,199,199,199,199,199,199,199,199,199,199,199,199,199,199,199,199,199,199,199,199,199,199,199,199,199,199,199,199,199,199,199,199,199,199,199,199,199,199,199,199,199,199,199,199,199,199,199,199,199,199,199,199,199,199,199,199,199,199,199,199,199,199,199,199,199,199,199,199,199,199,199,199,199,199,199,199,199,199,199,199,199,199,199,199,199,199,199,199,199,199,199,199,199,199,199,199,199,199,199,199,199,199,199,199,199,199,199,199,199,199,199,199,199,199,199,199,199,199,199,199,199,199,199,199,199,199,199,199,199,199,199,199,199,199,199,
199,199,199,199,199,199,199,199,199,199,199,199,199,199,199,199,199,199,199,199,199,199,199,199,199,199,199,199,199,199,199,199,199,199,199,199,199,199,199,199,199,199,199,199,199,199,199,199,199,199,199,199,199,199,199,199,199,199,199,199,199,199,199,199,199,199,199,199,199,199,199,199,199,199,199,199,199,199,199,199,199,199,199,199,199,199,199,199,199,199,199,199,199,199,199,199,199,199,199,199,199,199,199,199,199,199,199,199,199,199,199,199,199,199,199,199,199,199,199,199,199,199,199,199,199,199,199,199,199,199,199,199,199,199,199,199,199,199,199,199,199,199,199,199,199,199,199,199,199,199,199,199,199,199,199,199,199,199,199,199,
199,199,199,199,199,199,199,199,199,199,199,199,199,199,199,199,199,199,199,199,199,199,199,199,199,199,199,199,199,199,199,199,199,199,199,199,199,199,199,199,199,199,199,199,199,199,199,199,199,199,199,199,199,199,199,199,199,199,199,199,199,199,199,199,199,199,199,199,199,199,199,199,199,199,199,199,199,199,199,199,199,199,199,199,199,199,199,199,199,199,199,199,199,199,199,199,199,199,199,199,199,199,199,199,199,199,199,199,199,199,199,199,199,199,199,199,199,199,199,199,199,199,199,199,199,199,199,199,199,199,199,199,199,199,199,199,199,199,199,199,199,199,199,199,199,199,199,199,199,199,199,199,199,199,199,199,199,199,199,199,
199,199,199,199,199,199,199,199,199,199,199,199,199,199,199,199,199,199,199,199,199,199,199,199,199,199,199,199,199,199,199,199,199,199,199,199,199,199,199,199,199,199,199,199,199,199,199,199,199,199,199,199,199,199,199,199,199,199,199,199,199,199,199,199,199,199,199,199,199,199,199,199,199,199,199,199,199,199,199,199,199,199,199,199,199,199,199,199,199,199,199,199,199,199,199,199,199,199,199,199,199,199,199,199,199,199,199,199,199,199,199,199,199,199,199,199,199,199,199,199,199,199,199,199,199,199,199,199,199,199,199,199,199,199,199,199,199,199,199,199,199,199,199,199,199,199,199,199,199,199,199,199,199,199,199,199,199,199,199,199,


