Squirtle: .word 160, 120
.byte 199,199,199,199,199,199,199,199,199,199,199,199,199,199,199,199,199,199,199,199,199,199,199,199,199,199,199,199,199,199,199,199,199,199,199,199,199,199,199,199,199,199,199,199,199,199,199,199,199,199,199,199,199,199,199,199,199,199,199,199,199,199,199,199,199,199,199,199,199,199,199,199,199,199,199,199,199,199,199,199,199,199,199,199,199,199,199,199,199,199,199,199,199,199,199,199,199,199,199,199,199,199,199,199,199,199,199,199,199,199,199,199,199,199,199,199,199,199,199,199,199,199,199,199,199,199,199,199,199,199,199,199,199,199,199,199,199,199,199,199,199,199,199,199,199,199,199,199,199,199,199,199,199,199,199,199,199,199,199,199,
199,199,199,199,199,199,199,199,199,199,199,199,199,199,199,199,199,199,199,199,199,199,199,199,199,199,199,199,199,199,199,199,199,199,199,199,199,199,199,199,199,199,199,199,199,199,199,199,199,199,199,199,199,199,199,199,199,199,199,199,199,199,199,199,199,199,199,199,199,199,199,199,199,199,199,199,199,199,199,199,199,199,199,199,199,199,199,199,199,199,199,199,199,199,199,199,199,199,199,199,199,199,199,199,199,199,199,199,199,199,199,199,199,199,199,199,199,199,199,199,199,199,199,199,199,199,199,199,199,199,199,199,199,199,199,199,199,199,199,199,199,199,199,199,199,199,199,199,199,199,199,199,199,199,199,199,199,199,199,199,
199,199,199,199,199,199,199,199,199,199,199,199,199,199,199,199,199,199,199,199,199,199,199,199,199,199,199,199,199,199,199,199,199,199,199,199,199,199,199,199,199,199,199,199,199,199,199,199,199,199,199,199,199,199,199,199,199,199,199,199,199,199,199,199,199,199,199,199,199,199,199,199,199,199,199,199,199,199,199,199,199,199,199,199,199,199,199,199,199,199,199,199,199,199,199,199,199,199,199,199,199,199,199,199,199,199,199,199,199,199,199,199,199,199,199,199,199,199,199,199,199,199,199,199,199,199,199,199,199,199,199,199,199,199,199,199,199,199,199,199,199,199,199,199,199,199,199,199,199,199,199,199,199,199,199,199,199,199,199,199,
199,199,199,199,199,199,199,199,199,199,199,199,199,199,199,199,199,199,199,199,199,199,199,199,199,199,199,199,199,199,199,199,199,199,199,199,199,199,199,199,199,199,199,199,199,199,199,199,199,199,199,199,199,199,199,199,199,199,207,215,215,215,215,215,215,215,215,207,199,199,199,199,199,199,199,199,199,199,199,199,199,199,199,199,199,199,199,199,199,199,199,199,199,199,199,199,199,199,199,199,199,199,199,199,199,199,199,199,199,199,199,199,199,199,199,199,199,199,199,199,199,199,199,199,199,199,199,199,199,199,199,199,199,199,199,199,199,199,199,199,199,199,199,199,199,199,199,199,199,199,199,199,199,199,199,199,199,199,199,199,
199,199,199,199,199,199,199,199,199,199,199,199,199,199,199,199,199,199,199,199,199,199,199,199,199,199,199,199,199,199,199,199,199,199,199,199,199,199,199,199,199,199,199,199,199,199,199,199,199,199,199,199,199,199,199,199,199,207,231,239,239,238,238,238,238,239,239,231,207,199,199,199,199,199,199,199,199,199,199,199,199,199,199,199,199,199,199,199,199,199,199,199,199,199,199,199,199,199,199,199,199,199,199,199,199,199,199,199,199,199,199,199,199,199,199,199,199,199,199,199,199,199,199,199,199,199,199,199,199,199,199,199,199,199,199,199,199,199,199,199,199,199,199,199,199,199,199,199,199,199,199,199,199,199,199,199,199,199,199,199,
199,199,199,199,199,199,199,199,199,199,199,199,199,199,199,199,199,199,199,199,199,199,199,199,199,199,199,199,199,199,199,199,199,199,199,199,199,199,199,199,199,199,199,199,199,199,199,199,207,215,206,206,206,206,206,206,206,214,238,246,246,181,181,181,181,181,246,238,214,206,206,206,206,206,215,207,199,199,199,199,199,199,199,199,199,199,199,199,199,199,199,199,199,199,199,199,199,199,199,199,199,199,199,199,199,199,199,199,199,199,199,199,199,199,199,199,199,199,199,199,199,199,199,199,199,199,199,199,199,199,199,199,199,199,199,199,199,199,199,199,199,199,199,199,199,199,199,199,199,199,199,199,199,199,199,199,199,199,199,199,
199,199,199,199,199,199,199,199,199,199,199,199,199,199,199,199,199,199,199,199,199,199,199,199,199,199,199,199,199,199,199,199,199,199,199,199,199,199,199,199,199,199,199,199,199,199,199,207,231,238,165,165,165,165,164,164,156,163,172,172,172,180,180,180,180,172,172,163,163,155,164,164,165,165,174,166,207,199,199,199,199,199,199,199,199,199,199,199,199,199,199,199,199,199,199,199,199,199,199,199,199,199,199,199,199,199,199,199,199,199,199,199,199,199,199,199,199,199,199,199,199,199,199,199,199,199,199,199,199,199,199,199,199,199,199,199,199,199,199,199,199,199,199,199,199,199,199,199,199,199,199,199,199,199,199,199,199,199,199,199,
199,199,199,199,199,199,199,199,199,199,199,199,199,199,199,199,199,199,199,199,199,199,199,199,199,199,199,199,199,199,199,199,199,199,199,199,199,199,199,199,199,199,199,199,207,206,206,214,238,246,181,172,180,180,172,172,171,171,171,171,171,171,235,235,171,171,171,163,171,171,171,171,172,180,181,173,149,206,206,206,215,207,199,199,199,199,199,199,199,199,199,199,199,199,199,199,199,199,199,199,199,199,199,199,199,199,199,199,199,199,199,199,199,199,199,199,199,199,199,199,199,199,199,199,199,199,199,199,199,199,199,199,199,199,199,199,199,199,199,199,199,199,199,199,199,199,199,199,199,199,199,199,199,199,199,199,199,199,199,199,
199,199,199,199,199,199,199,199,199,199,199,199,199,199,199,199,199,199,199,199,199,199,199,199,199,199,199,199,199,199,199,199,199,199,199,199,199,199,199,199,199,199,199,207,166,165,164,164,164,172,181,245,245,245,245,245,245,244,244,236,244,244,244,244,236,236,172,172,172,172,172,172,180,180,180,172,155,155,156,157,238,231,207,199,199,199,199,199,199,199,199,199,199,199,199,199,199,199,199,199,199,199,199,199,199,199,199,199,199,199,199,199,199,199,199,199,199,199,199,199,199,199,199,199,199,199,199,199,199,199,199,199,199,199,199,199,199,199,199,199,199,199,199,199,199,199,199,199,199,199,199,199,199,199,199,199,199,199,199,199,
199,199,199,199,199,199,199,199,199,199,199,199,199,199,199,199,199,199,199,199,199,199,199,199,199,199,199,199,199,199,199,199,199,199,199,199,199,199,199,199,207,206,206,149,173,180,172,172,172,172,245,245,245,245,245,245,245,245,244,244,244,244,244,244,244,244,244,244,244,244,244,244,244,236,172,171,162,162,163,172,181,238,222,206,199,199,199,199,199,199,199,199,199,199,199,199,199,199,199,199,199,199,199,199,199,199,199,199,199,199,199,199,199,199,199,199,199,199,199,199,199,199,199,199,199,199,199,199,199,199,199,199,199,199,199,199,199,199,199,199,199,199,199,199,199,199,199,199,199,199,199,199,199,199,199,199,199,199,199,199,
199,199,199,199,199,199,199,199,199,199,199,199,199,199,199,199,199,199,199,199,199,199,199,199,199,199,199,199,199,199,199,199,199,199,199,199,199,199,199,207,230,165,155,155,172,245,245,246,245,245,245,245,245,245,245,245,244,244,244,244,236,236,236,236,172,172,172,236,244,236,172,172,172,172,172,172,172,172,172,172,171,164,164,157,206,199,199,199,199,199,199,199,199,199,199,199,199,199,199,199,199,199,199,199,199,199,199,199,199,199,199,199,199,199,199,199,199,199,199,199,199,199,199,199,199,199,199,199,199,199,199,199,199,199,199,199,199,199,199,199,199,199,199,199,199,199,199,199,199,199,199,199,199,199,199,199,199,199,199,199,
199,199,199,199,199,199,199,199,199,199,199,199,199,199,199,199,199,199,199,199,199,199,199,199,199,199,199,199,199,199,199,199,199,199,199,199,199,199,206,150,173,180,163,163,172,245,254,254,254,254,245,245,245,245,245,244,236,172,172,172,172,172,172,172,172,172,172,172,172,172,172,172,172,172,172,172,244,244,244,236,163,163,171,164,149,206,207,207,199,199,199,199,199,199,199,199,199,199,199,199,199,199,199,199,199,199,199,199,199,199,199,199,199,199,199,199,199,199,199,199,199,199,199,199,199,199,199,199,199,199,199,199,199,199,199,199,199,199,199,199,199,199,199,199,199,199,199,199,199,199,199,199,199,199,199,199,199,199,199,199,
199,199,199,199,199,199,199,199,199,199,199,199,199,199,199,199,199,199,199,199,199,199,199,199,199,199,199,199,199,199,199,199,199,199,199,199,199,206,149,164,171,172,172,180,245,246,246,246,246,245,245,245,245,244,236,236,172,172,172,172,172,172,172,172,172,172,172,172,172,172,172,172,172,172,172,172,172,236,244,236,171,171,171,171,155,156,230,231,207,199,199,199,199,199,199,199,199,199,199,199,199,199,199,199,199,199,199,199,199,199,199,199,199,199,199,199,199,199,199,199,199,199,199,199,199,199,199,199,199,199,199,199,199,199,199,199,199,199,199,199,199,199,199,199,199,199,199,199,199,199,199,199,199,199,199,199,199,199,199,199,
199,199,199,199,199,199,199,199,199,199,199,199,199,199,199,199,199,199,199,199,199,199,199,199,199,199,199,199,199,199,199,199,199,199,199,199,206,149,164,171,163,171,244,245,245,245,245,245,245,245,245,244,244,172,172,172,172,172,172,172,172,172,172,172,172,172,172,172,172,172,172,172,172,172,236,172,172,172,172,172,172,171,171,171,162,163,173,238,223,207,199,199,199,199,199,199,199,199,199,199,199,199,199,199,199,199,199,199,199,199,199,199,199,199,199,199,199,199,199,199,199,199,199,199,199,199,199,199,199,199,199,199,199,199,199,199,199,199,199,199,199,199,199,199,199,199,199,199,199,199,199,199,199,199,199,199,199,199,199,199,
199,199,199,199,199,199,199,199,199,199,199,199,199,199,199,199,199,199,199,199,199,199,199,199,199,199,199,199,199,199,199,199,199,199,199,206,148,163,172,171,163,163,172,244,244,244,244,244,244,236,172,172,172,172,172,172,172,172,172,172,172,172,172,172,171,171,163,171,172,236,171,171,171,236,244,244,172,171,171,171,171,171,171,171,171,163,163,164,238,231,207,199,199,199,199,199,199,199,199,199,199,199,199,199,199,199,199,199,199,199,199,199,199,199,199,199,199,199,199,199,199,199,199,199,199,199,199,199,199,199,199,199,199,199,199,199,199,199,199,199,199,199,199,199,199,199,199,199,199,199,199,199,199,199,199,199,199,199,199,199,
199,199,199,199,199,199,199,199,199,199,199,199,199,199,199,199,199,199,199,199,199,199,199,199,199,199,199,199,199,199,199,199,199,199,199,142,91,98,171,171,171,171,172,244,172,172,172,172,172,172,172,172,172,172,172,172,172,172,172,172,172,172,172,172,172,172,163,163,172,172,172,172,172,172,172,172,172,171,171,171,171,171,171,171,171,171,162,163,173,238,223,207,199,199,199,199,199,199,199,199,199,199,199,199,199,199,199,199,199,199,199,199,199,199,199,199,199,199,199,199,199,199,199,199,199,199,199,199,199,199,199,199,199,199,199,199,199,199,199,199,199,199,199,199,199,199,199,199,199,199,199,199,199,199,199,199,199,199,199,199,
199,199,199,199,199,199,199,199,199,199,199,199,199,199,199,199,199,199,199,199,199,199,199,199,199,199,199,199,199,199,199,199,199,199,199,141,82,89,162,163,171,172,172,236,172,172,172,172,172,172,172,172,172,172,172,172,172,172,172,172,172,172,172,244,245,245,172,163,164,172,181,181,173,164,163,163,172,172,171,171,171,171,171,171,171,171,171,163,163,164,238,231,207,199,199,199,199,199,199,199,199,199,199,199,199,199,199,199,199,199,199,199,199,199,199,199,199,199,199,199,199,199,199,199,199,199,199,199,199,199,199,199,199,199,199,199,199,199,199,199,199,199,199,199,199,199,199,199,199,199,199,199,199,199,199,199,199,199,199,199,
199,199,199,199,199,199,199,199,199,199,199,199,199,199,199,199,199,199,199,199,199,199,199,199,199,199,199,199,199,199,199,199,199,199,207,149,83,90,90,163,172,172,172,172,172,172,172,172,172,172,172,172,172,172,172,172,172,172,172,172,172,172,172,245,245,245,163,163,164,173,246,247,174,164,82,90,171,236,171,171,171,171,171,171,171,171,171,171,162,163,173,230,207,199,199,199,199,199,199,199,199,199,199,199,199,199,199,199,199,199,199,199,199,199,199,199,199,199,199,199,199,199,199,199,199,199,199,199,199,199,199,199,199,199,199,199,199,199,199,199,199,199,199,199,199,199,199,199,199,199,199,199,199,199,199,199,199,199,199,199,
199,199,199,199,199,199,199,199,199,199,199,199,199,199,199,199,199,199,199,199,199,199,199,199,199,199,199,199,199,199,199,199,199,207,230,173,173,172,163,163,172,244,172,172,172,172,172,172,172,172,172,172,172,172,172,172,172,172,172,172,172,172,244,245,245,172,82,82,173,246,255,255,247,173,82,81,163,171,171,171,171,171,171,171,171,171,171,171,171,171,163,156,206,199,199,199,199,199,199,199,199,199,199,199,199,199,199,199,199,199,199,199,199,199,199,199,199,199,199,199,199,199,199,199,199,199,199,199,199,199,199,199,199,199,199,199,199,199,199,199,199,199,199,199,199,199,199,199,199,199,199,199,199,199,199,199,199,199,199,199,
199,199,199,199,199,199,199,199,199,199,199,199,199,199,199,199,199,199,199,199,199,199,199,199,199,199,199,199,199,199,199,199,199,206,165,172,173,173,171,171,172,244,172,172,172,172,172,172,172,172,172,172,172,172,172,236,236,236,172,172,172,172,245,245,171,90,9,73,164,182,246,246,246,164,73,73,154,171,171,171,171,171,171,171,171,171,171,171,235,171,162,155,149,207,199,199,199,199,199,199,199,199,199,199,199,199,199,199,199,199,199,199,199,199,199,199,199,199,199,199,199,199,199,199,199,199,199,199,199,199,199,199,199,199,199,199,199,199,199,199,199,199,199,199,199,199,199,199,199,199,199,199,199,199,199,199,199,199,199,199,
199,199,199,199,199,199,199,199,199,199,199,199,199,199,199,199,199,199,199,199,199,199,199,199,199,199,199,199,199,199,199,199,199,134,75,82,91,164,172,244,236,172,172,172,172,172,172,172,172,172,172,172,172,172,172,236,236,236,236,172,172,244,245,172,90,9,0,9,82,91,173,173,164,83,9,9,90,163,171,171,171,171,171,171,171,171,171,171,171,171,162,163,173,230,207,199,199,199,199,199,199,199,199,199,199,199,199,199,199,199,199,199,199,199,199,199,199,199,199,199,199,199,199,199,199,199,199,199,199,199,199,199,199,199,199,199,199,199,199,199,199,199,199,199,199,199,199,199,199,199,199,199,199,199,199,199,199,199,199,199,
199,199,199,199,199,199,199,199,199,199,199,199,199,199,199,199,199,199,199,199,199,199,199,199,199,199,199,199,199,199,199,199,206,141,66,9,82,91,172,244,244,172,172,172,172,172,172,172,172,172,172,172,172,172,172,236,236,236,236,172,172,244,244,171,81,0,0,0,0,73,91,155,82,73,1,73,90,163,171,171,171,171,171,171,171,171,171,163,171,163,163,171,180,165,206,199,199,199,199,199,199,199,199,199,199,199,199,199,199,199,199,199,199,199,199,199,199,199,199,199,199,199,199,199,199,199,199,199,199,199,199,199,199,199,199,199,199,199,199,199,199,199,199,199,199,199,199,199,199,199,199,199,199,199,199,199,199,199,199,199,
199,199,199,199,199,199,199,199,199,199,199,199,199,199,199,199,199,199,199,199,199,199,199,199,199,199,199,199,199,199,199,206,157,156,75,10,9,82,172,244,244,172,172,172,172,172,172,172,172,172,172,172,172,172,172,172,172,172,172,172,244,172,172,163,73,0,0,0,0,0,9,73,9,1,1,74,90,163,171,171,171,171,171,163,163,163,171,171,163,163,171,163,163,156,206,199,199,199,199,199,199,199,199,199,199,199,199,199,199,199,199,199,199,199,199,199,199,199,199,199,199,199,199,199,199,199,199,199,199,199,199,199,199,199,199,199,199,199,199,199,199,199,199,199,199,199,199,199,199,199,199,199,199,199,199,199,199,199,199,199,
199,199,199,199,199,199,199,199,199,199,199,199,199,199,199,199,199,199,199,199,199,199,199,199,199,199,199,199,199,199,199,206,165,100,83,74,73,90,172,244,244,172,172,172,172,172,172,172,172,172,172,172,172,172,172,172,172,172,172,236,244,172,163,90,9,0,0,0,0,0,0,0,9,10,74,82,91,163,171,171,171,171,163,163,163,163,171,163,163,163,171,163,90,83,150,207,199,199,199,199,199,199,199,199,199,199,199,199,199,199,199,199,199,199,199,199,199,199,199,199,199,199,199,199,199,199,199,199,199,199,199,199,199,199,199,199,199,199,199,199,199,199,199,199,199,199,199,199,199,199,199,199,199,199,199,199,199,199,199,199,
199,199,199,199,199,199,199,199,199,199,199,199,199,199,199,199,199,199,199,199,199,199,199,199,199,199,199,199,199,199,199,206,157,91,74,74,82,162,172,244,244,172,172,172,172,172,172,172,172,172,172,172,172,172,172,172,172,172,172,236,244,172,90,81,9,0,0,0,0,0,0,9,83,84,92,92,155,163,171,171,171,163,163,163,163,163,163,163,163,163,171,162,89,90,165,231,207,199,199,199,199,199,199,199,199,199,199,199,199,199,199,199,199,199,199,199,199,199,199,199,199,199,199,199,199,199,199,199,199,199,199,199,199,199,199,199,199,199,199,199,199,199,199,199,199,199,199,199,199,199,199,199,199,199,199,199,199,199,199,199,
199,199,199,199,199,199,199,199,199,199,199,199,199,199,199,199,199,199,199,199,199,199,199,199,199,199,199,199,199,199,199,206,156,91,74,74,163,171,172,244,236,172,172,172,172,172,172,172,172,172,172,172,172,172,172,172,172,172,172,244,244,172,90,73,9,1,0,0,0,0,1,74,85,158,165,164,163,163,171,171,171,163,163,163,163,163,163,163,163,163,171,162,89,90,181,239,215,199,199,199,199,199,199,199,199,199,199,199,199,199,199,199,199,199,199,199,199,199,199,199,199,199,199,199,199,199,199,199,199,199,199,199,199,199,199,199,199,199,199,199,199,199,199,199,199,199,199,199,199,199,199,199,199,199,199,199,199,199,199,199,
199,199,199,199,199,199,199,199,199,199,199,199,199,199,199,199,199,199,199,199,199,199,199,199,199,199,199,199,199,199,199,142,84,83,75,83,172,244,244,236,172,172,172,172,172,172,172,172,172,172,172,172,172,172,172,172,172,172,172,244,244,172,82,9,74,10,1,0,0,1,74,84,157,158,165,164,155,162,163,171,171,163,163,163,163,163,163,163,163,163,171,163,154,163,181,238,215,199,199,199,199,199,199,199,199,199,199,199,199,199,199,199,199,199,199,199,199,199,199,199,199,199,199,199,199,199,199,199,199,199,199,199,199,199,199,199,199,199,199,199,199,199,199,199,199,199,199,199,199,199,199,199,199,199,199,199,199,199,199,199,
199,199,199,199,199,199,199,199,199,199,199,199,199,199,199,199,199,199,199,199,199,199,199,199,199,199,199,199,199,199,206,149,83,83,83,92,172,244,244,172,172,172,172,172,172,172,172,172,172,172,172,172,172,172,172,172,172,172,172,244,244,172,82,74,75,75,74,9,9,74,84,93,93,157,173,172,163,154,162,171,171,163,163,163,163,163,163,163,163,163,163,163,162,163,181,174,215,199,199,199,199,199,199,199,199,199,199,199,199,199,199,199,199,199,199,199,199,199,199,199,199,199,199,199,199,199,199,199,199,199,199,199,199,199,199,199,199,199,199,199,199,199,199,199,199,199,199,199,199,199,199,199,199,199,199,199,199,199,199,199,
199,199,199,199,199,199,199,199,199,199,199,199,199,199,199,199,199,199,199,199,199,199,199,199,199,199,199,199,199,206,157,164,163,90,91,163,172,244,244,172,172,172,172,172,172,172,172,172,172,172,172,172,172,172,172,172,236,236,172,244,244,172,90,82,84,85,85,84,84,157,158,157,84,92,174,181,163,154,162,171,163,163,163,163,163,163,163,163,163,163,163,163,162,163,173,166,207,199,199,199,199,199,199,199,199,199,199,199,199,199,199,199,199,199,199,199,199,199,199,199,199,199,199,199,199,199,199,199,199,199,199,199,199,199,199,199,199,199,199,199,199,199,199,199,199,199,199,199,199,199,199,199,199,199,199,199,199,199,199,199,
199,199,199,199,199,199,199,199,199,199,199,199,199,199,199,199,199,199,199,199,199,199,199,199,199,199,199,199,207,222,164,171,163,163,163,172,172,244,172,172,172,172,172,172,172,172,172,172,172,172,172,172,172,172,172,172,236,236,236,244,244,172,163,91,157,157,157,157,157,165,166,157,84,92,173,181,163,162,163,171,163,163,163,163,163,163,163,163,163,163,163,163,162,163,173,166,207,199,199,199,199,199,199,199,199,199,199,199,199,199,199,199,199,199,199,199,199,199,199,199,199,199,199,199,199,199,199,199,199,199,199,199,199,199,199,199,199,199,199,199,199,199,199,199,199,199,199,199,199,199,199,199,199,199,199,199,199,199,199,199,
199,199,199,199,199,199,199,199,199,199,199,199,199,199,199,199,199,199,199,199,199,199,199,199,199,199,199,207,230,173,172,171,172,172,172,244,172,172,172,172,172,172,172,172,172,172,172,172,172,172,172,172,172,172,172,172,172,236,236,244,244,244,172,172,163,163,163,164,164,164,156,156,155,163,164,171,163,162,163,163,163,163,163,163,163,163,163,163,163,163,163,163,162,163,172,166,207,199,199,199,199,199,199,199,199,199,199,199,199,199,199,199,199,199,199,199,199,199,199,199,199,199,199,199,199,199,199,199,199,199,199,199,199,199,199,199,199,199,199,199,199,199,199,199,199,199,199,199,199,199,199,199,199,199,199,199,199,199,199,199,
199,199,199,199,199,199,199,199,199,199,199,199,199,199,199,199,199,199,199,199,199,199,199,199,199,199,199,215,174,181,171,171,172,245,245,245,172,172,172,172,172,172,172,172,172,236,172,236,236,236,244,244,244,244,244,244,244,244,244,244,244,244,244,244,171,171,171,171,171,163,163,163,172,171,163,163,163,171,163,163,163,163,163,163,163,163,163,163,163,163,163,163,154,162,173,174,215,199,199,199,199,199,199,199,199,199,199,199,199,199,199,199,199,199,199,199,199,199,199,199,199,199,199,199,199,199,199,199,199,199,199,199,199,199,199,199,199,199,199,199,199,199,199,199,199,199,199,199,199,199,199,199,199,199,199,199,199,199,199,199,
199,199,199,199,199,199,199,199,199,199,199,199,199,199,199,199,199,199,199,199,199,199,199,199,199,199,199,206,165,172,163,163,172,172,245,245,172,172,172,172,172,172,244,244,244,244,244,244,244,244,244,244,244,244,244,244,244,244,244,244,244,244,244,244,244,244,244,244,244,244,244,244,244,172,171,171,163,163,171,171,163,163,163,163,163,163,163,163,163,163,171,162,89,90,181,239,215,199,199,199,199,199,199,199,199,199,199,199,199,199,199,199,199,199,199,199,199,199,199,199,199,199,199,199,199,199,199,199,199,199,199,199,199,199,199,199,199,199,199,199,199,199,199,199,199,199,199,199,199,199,199,199,199,199,199,199,199,199,199,199,
199,199,199,199,199,199,199,199,199,199,199,199,199,199,199,199,199,199,199,199,199,199,199,199,199,199,199,207,166,172,163,162,163,172,172,172,172,244,244,172,172,172,172,172,172,172,172,172,172,172,172,172,172,172,172,172,172,172,172,172,172,172,172,172,244,244,244,244,244,244,244,244,244,236,171,171,163,163,163,163,163,163,163,163,163,163,163,163,163,163,171,162,89,90,165,231,207,199,199,199,199,199,199,199,199,199,199,199,199,199,199,199,199,199,199,199,199,199,199,199,199,199,199,199,199,199,199,199,199,199,199,199,199,199,199,199,199,199,199,199,199,199,199,199,199,199,199,199,199,199,199,199,199,199,199,199,199,199,199,199,
199,199,199,199,199,199,199,199,199,199,199,199,199,199,199,199,199,199,199,199,199,199,199,199,199,199,199,215,239,173,154,89,162,163,163,163,244,244,244,244,172,171,163,162,154,154,154,154,162,162,162,162,162,162,162,162,162,162,162,162,163,163,163,163,163,171,171,172,244,244,236,171,171,171,171,163,163,162,154,154,163,163,163,163,163,163,163,163,163,163,171,163,90,83,150,207,199,199,199,199,199,199,199,199,199,199,199,199,199,199,199,199,199,199,199,199,199,199,199,199,199,199,199,199,199,199,199,199,199,199,199,199,199,199,199,199,199,199,199,199,199,199,199,199,199,199,199,199,199,199,199,199,199,199,199,199,199,199,199,199,
199,199,199,199,199,199,199,199,199,199,199,199,199,199,199,199,199,199,199,199,199,199,199,199,199,199,199,207,231,238,163,90,154,162,162,163,172,172,172,172,171,163,162,154,90,90,90,90,154,154,154,154,154,154,154,154,154,154,154,154,154,154,162,162,163,163,163,171,171,171,171,163,163,163,163,163,162,162,154,154,163,163,163,163,163,163,163,163,163,163,163,163,163,156,206,199,199,199,199,199,199,199,199,199,199,199,199,199,199,199,199,199,199,199,199,199,199,199,199,199,199,199,199,199,199,199,199,199,199,199,199,199,199,199,199,199,199,199,199,199,199,199,199,199,199,199,199,199,199,199,199,199,199,199,199,199,199,199,199,199,
199,199,199,199,199,199,199,199,199,199,199,199,199,199,199,199,199,199,199,199,199,199,199,199,199,199,199,199,207,222,173,171,162,162,162,163,163,162,154,162,162,162,163,163,163,163,163,163,163,163,163,163,163,163,163,163,163,163,163,163,163,163,163,163,163,162,162,162,154,154,154,154,154,154,154,154,162,162,163,163,163,163,163,163,163,163,163,163,163,163,162,162,172,173,214,199,199,199,199,199,199,199,199,199,199,199,199,199,199,199,199,199,199,199,199,199,199,199,199,199,199,199,199,199,199,199,199,199,199,199,199,199,199,199,199,199,199,199,199,199,199,199,199,199,199,199,199,199,199,199,199,199,199,199,199,199,199,199,199,199,
199,199,199,199,199,199,199,199,199,199,199,199,199,199,199,199,199,199,199,199,199,199,199,199,199,199,199,199,199,207,166,173,163,162,162,162,154,90,154,154,154,162,163,171,171,163,171,163,163,163,171,171,171,171,171,171,171,171,171,171,171,171,171,163,163,162,162,154,154,90,90,90,154,154,154,154,162,163,163,171,163,163,163,163,163,163,163,163,171,162,89,154,173,230,207,199,199,199,199,199,199,199,199,199,199,199,199,199,199,199,199,199,199,199,199,199,199,199,199,199,199,199,199,199,199,199,199,199,199,199,199,199,199,199,199,199,199,199,199,199,199,199,199,199,199,199,199,199,199,199,199,199,199,199,199,199,199,199,199,199,
199,199,199,199,199,199,199,199,199,199,199,199,199,199,199,199,199,199,199,199,199,199,199,199,199,199,199,199,199,199,207,150,164,99,162,162,163,163,163,163,163,163,163,163,163,163,163,163,163,163,163,163,163,163,163,163,163,163,171,171,171,171,163,163,163,163,163,163,163,163,163,163,163,163,163,163,163,163,163,163,163,163,163,163,163,163,163,171,171,162,89,82,149,207,199,199,199,199,199,199,199,199,199,199,199,199,199,199,199,199,199,199,199,199,199,199,199,199,199,199,199,199,199,199,199,199,199,199,199,199,199,199,199,199,199,199,199,199,199,199,199,199,199,199,199,199,199,199,199,199,199,199,199,199,199,199,199,199,199,199,
199,199,199,199,199,199,199,199,199,199,199,199,199,199,199,199,199,199,199,199,199,199,199,199,199,199,199,199,199,199,199,206,157,164,163,162,163,163,171,171,163,163,163,163,163,163,163,163,163,163,163,163,163,163,163,163,163,163,163,163,163,163,163,163,163,163,163,163,163,171,171,171,171,171,171,163,163,163,163,163,163,163,163,163,163,163,171,171,163,162,90,83,142,199,199,199,199,199,199,199,199,199,199,199,199,199,199,199,199,199,199,199,199,199,199,199,199,199,199,199,199,199,199,199,199,199,199,199,199,199,199,199,199,199,199,199,199,199,199,199,199,199,199,199,199,199,199,199,199,199,199,199,199,199,199,199,199,199,199,199,
199,199,199,199,199,199,199,199,199,199,199,199,199,199,199,199,199,199,199,199,199,199,199,199,199,199,199,199,199,199,199,199,206,150,165,171,162,162,163,171,171,163,163,163,163,163,163,163,163,163,163,163,163,163,163,163,163,163,163,163,163,163,163,163,163,163,163,163,163,171,171,171,171,163,163,163,163,163,163,163,163,163,163,163,163,163,171,163,154,90,99,157,206,199,199,199,199,199,199,199,199,199,199,199,199,199,199,199,199,199,199,199,199,199,199,199,199,199,199,199,199,199,199,199,199,199,199,199,199,199,199,199,199,199,199,199,199,199,199,199,199,199,199,199,199,199,199,199,199,199,199,199,199,199,199,199,199,199,199,199,
199,199,199,199,199,199,199,199,199,199,199,199,199,199,199,199,199,199,199,199,199,199,199,199,199,199,199,199,199,199,199,199,199,207,158,165,163,163,163,163,171,171,171,163,163,163,163,163,163,163,163,163,163,163,163,163,163,163,163,163,163,163,163,163,163,163,163,163,163,163,163,163,163,163,163,163,163,163,163,163,163,163,163,163,163,163,162,162,154,91,164,165,150,206,199,199,199,199,199,199,199,199,199,199,199,199,199,199,199,199,199,199,199,199,199,199,199,199,199,199,199,199,199,199,199,199,199,199,199,199,199,199,199,199,199,199,199,199,199,199,199,199,199,199,199,199,199,199,199,199,199,199,199,199,199,199,199,199,199,199,
199,199,199,199,199,199,199,199,199,199,199,199,199,199,199,199,199,199,199,199,199,199,199,199,199,199,199,199,199,199,199,199,199,199,207,222,174,172,162,162,171,171,171,171,171,163,163,163,163,163,163,163,163,163,163,163,163,163,163,163,163,163,163,163,163,163,163,163,163,163,163,163,163,163,163,163,163,163,163,163,163,163,171,171,163,162,90,90,172,173,164,91,156,157,206,199,199,199,199,199,199,199,199,199,199,199,199,199,199,199,199,199,199,199,199,199,199,199,199,199,199,199,199,199,199,199,199,199,199,199,199,199,199,199,199,199,199,199,199,199,199,199,199,199,199,199,199,199,199,199,199,199,199,199,199,199,199,199,199,199,
199,199,199,199,199,199,199,199,199,199,199,199,199,199,199,199,199,199,199,199,199,199,199,199,199,199,199,199,199,199,199,199,199,199,199,207,231,166,155,155,163,171,171,171,171,171,171,163,163,163,163,163,163,163,163,163,163,163,163,163,163,163,163,163,163,163,163,163,163,163,163,163,163,163,163,163,163,163,163,163,163,163,163,163,163,162,90,163,182,182,92,91,99,156,141,142,207,207,199,199,199,199,199,199,199,199,199,199,199,199,199,199,199,199,199,199,199,199,199,199,199,199,199,199,199,199,199,199,199,199,199,199,199,199,199,199,199,199,199,199,199,199,199,199,199,199,199,199,199,199,199,199,199,199,199,199,199,199,199,199,
199,199,199,199,199,199,199,199,199,199,199,199,199,199,199,199,199,199,199,199,199,199,199,199,199,199,199,199,199,199,199,199,199,199,199,199,207,215,206,149,165,172,163,163,171,244,171,171,171,171,163,163,163,163,163,163,163,163,163,163,163,163,163,163,163,163,163,163,163,163,163,163,163,163,163,163,163,163,171,171,171,171,162,154,155,164,172,173,246,173,91,83,101,100,83,83,166,231,207,199,199,199,199,199,199,199,199,199,199,199,199,199,199,199,199,199,199,199,199,199,199,199,199,199,199,199,199,199,199,199,199,199,199,199,199,199,199,199,199,199,199,199,199,199,199,199,199,199,199,199,199,199,199,199,199,199,199,199,199,199,
199,199,199,199,199,199,199,199,199,199,199,199,199,199,199,199,199,199,199,199,199,199,199,199,199,199,199,199,199,199,199,199,199,199,207,215,206,206,206,149,165,164,162,162,163,171,171,171,171,171,171,171,163,163,163,163,163,163,163,163,163,163,163,163,163,163,163,163,163,163,163,163,163,163,163,163,163,163,163,163,163,163,90,90,91,164,173,182,246,173,83,83,93,101,83,91,173,230,207,199,199,199,199,199,199,199,199,199,199,199,199,199,199,199,199,199,199,199,199,199,199,199,199,199,199,199,199,199,199,199,199,199,199,199,199,199,199,199,199,199,199,199,199,199,199,199,199,199,199,199,199,199,199,199,199,199,199,199,199,199,
199,199,199,199,199,199,199,199,199,199,199,199,199,199,199,199,199,199,199,199,199,199,199,199,199,199,199,199,199,199,199,199,199,207,231,238,165,157,156,155,155,163,162,154,81,81,90,162,162,162,171,171,171,171,171,171,171,171,171,163,163,163,163,163,163,163,163,163,163,163,163,171,171,171,171,171,171,163,154,90,90,82,82,82,91,164,164,165,173,173,84,83,93,93,101,100,91,148,206,199,199,199,199,199,199,199,199,199,199,199,199,199,199,199,199,199,199,199,199,199,199,199,199,199,199,199,199,199,199,199,199,199,199,199,199,199,199,199,199,199,199,199,199,199,199,199,199,199,199,199,199,199,199,199,199,199,199,199,199,199,
199,199,199,199,199,199,199,199,199,199,199,199,199,199,199,199,199,199,199,199,199,199,199,199,199,199,199,199,207,206,206,206,206,214,238,181,172,172,171,163,163,162,162,154,82,82,91,163,163,163,163,163,163,163,163,163,163,163,163,163,163,163,163,163,163,163,163,163,163,163,163,163,163,163,162,163,163,163,154,90,82,82,82,90,163,164,163,164,164,164,83,83,92,93,102,101,91,83,141,198,199,199,199,199,199,199,199,199,199,199,199,199,199,199,199,199,199,199,199,199,199,199,199,199,199,199,199,199,199,199,199,199,199,199,199,199,199,199,199,199,199,199,199,199,199,199,199,199,199,199,199,199,199,199,199,199,199,199,199,199,
199,199,199,199,199,199,199,199,199,199,199,199,199,199,199,199,199,199,199,199,199,199,199,199,199,199,199,207,158,165,156,155,155,155,163,172,172,172,172,172,244,171,154,90,100,165,173,173,164,100,91,91,91,155,90,154,154,154,154,162,162,162,162,163,163,163,162,162,162,162,154,154,162,154,81,81,90,162,163,163,163,163,163,163,163,163,163,163,154,82,10,19,93,101,93,93,101,92,83,140,198,199,199,199,199,199,199,199,199,199,199,199,199,199,199,199,199,199,199,199,199,199,199,199,199,199,199,199,199,199,199,199,199,199,199,199,199,199,199,199,199,199,199,199,199,199,199,199,199,199,199,199,199,199,199,199,199,199,199,199,
199,199,199,199,199,199,199,199,199,199,199,199,199,199,199,199,199,199,199,199,199,199,207,206,206,206,206,149,173,180,171,163,162,162,163,171,236,244,244,244,244,171,163,100,173,174,174,173,165,101,92,92,99,99,91,91,91,154,154,162,163,163,163,163,163,163,163,163,163,162,163,154,90,90,81,82,154,163,171,171,171,171,171,171,171,171,170,162,154,90,82,82,92,93,92,93,101,101,91,91,141,206,199,199,199,199,199,199,199,199,199,199,199,199,199,199,199,199,199,199,199,199,199,199,199,199,199,199,199,199,199,199,199,199,199,199,199,199,199,199,199,199,199,199,199,199,199,199,199,199,199,199,199,199,199,199,199,199,199,199,
199,199,199,199,199,199,199,199,199,199,199,199,199,199,199,199,199,199,199,199,199,207,166,165,156,155,155,163,172,180,180,172,172,172,172,172,172,244,244,172,163,99,173,174,174,174,173,173,173,173,173,173,173,173,173,173,173,173,173,164,164,164,100,100,91,91,91,100,100,164,173,165,91,90,163,172,172,236,244,244,244,236,171,171,171,163,163,163,163,162,154,90,82,83,83,92,92,92,101,101,92,148,206,199,199,199,199,199,199,199,199,199,199,199,199,199,199,199,199,199,199,199,199,199,199,199,199,199,199,199,199,199,199,199,199,199,199,199,199,199,199,199,199,199,199,199,199,199,199,199,199,199,199,199,199,199,199,199,199,199,
199,199,199,199,199,199,199,199,199,199,199,199,199,199,199,199,199,199,207,206,206,149,173,180,172,163,163,171,172,244,244,244,244,244,244,244,244,244,244,172,99,100,174,183,182,174,173,173,173,173,173,173,173,173,174,174,174,174,174,173,165,101,100,100,100,100,100,100,165,165,165,101,91,163,180,253,245,245,244,244,244,244,171,171,171,163,163,171,171,171,162,154,82,10,83,92,83,92,93,101,99,92,150,207,199,199,199,199,199,199,199,199,199,199,199,199,199,199,199,199,199,199,199,199,199,199,199,199,199,199,199,199,199,199,199,199,199,199,199,199,199,199,199,199,199,199,199,199,199,199,199,199,199,199,199,199,199,199,199,199,
199,199,199,199,199,199,199,199,199,199,199,199,199,199,199,199,199,207,166,165,155,155,164,172,181,245,245,244,244,244,244,244,244,244,236,244,244,244,163,164,173,174,182,182,182,182,182,182,174,173,173,173,173,173,173,173,173,173,173,173,173,173,173,165,165,165,165,173,173,165,91,90,172,180,245,245,245,245,244,244,244,244,172,171,171,171,171,171,171,171,171,162,81,82,92,93,92,83,83,83,92,165,173,230,207,199,199,199,199,199,199,199,199,199,199,199,199,199,199,199,199,199,199,199,199,199,199,199,199,199,199,199,199,199,199,199,199,199,199,199,199,199,199,199,199,199,199,199,199,199,199,199,199,199,199,199,199,199,199,199,
199,199,199,199,199,199,199,199,199,199,199,199,207,215,215,206,206,149,173,172,163,163,172,172,245,245,245,245,244,172,172,172,172,172,244,244,244,171,91,100,174,183,182,182,182,182,183,182,182,174,173,173,173,173,173,173,173,173,173,173,173,173,173,173,173,173,173,173,165,100,90,90,180,253,245,245,245,245,244,244,244,244,236,172,171,171,171,163,163,163,171,163,154,90,92,93,92,92,83,83,92,100,172,165,206,199,199,199,199,199,199,199,199,199,199,199,199,199,199,199,199,199,199,199,199,199,199,199,199,199,199,199,199,199,199,199,199,199,199,199,199,199,199,199,199,199,199,199,199,199,199,199,199,199,199,199,199,199,199,199,
199,199,199,199,199,199,199,199,199,199,199,207,231,239,174,165,156,155,171,180,180,181,245,245,245,245,244,236,172,172,172,172,172,244,244,236,163,90,91,92,173,182,183,183,183,183,183,182,182,182,182,182,174,173,173,173,173,173,173,173,173,173,173,173,173,173,174,173,91,90,163,172,245,245,245,245,245,245,244,244,244,244,244,172,172,171,171,171,163,163,163,163,170,162,83,84,92,93,93,92,84,83,90,83,142,199,199,199,199,199,199,199,199,199,199,199,199,199,199,199,199,199,199,199,199,199,199,199,199,199,199,199,199,199,199,199,199,199,199,199,199,199,199,199,199,199,199,199,199,199,199,199,199,199,199,199,199,199,199,199,
199,199,199,199,199,199,207,214,206,206,206,214,238,246,181,172,163,163,171,244,245,245,245,245,244,172,172,172,172,172,172,172,172,236,244,172,163,91,91,100,173,182,182,182,182,182,182,183,183,183,183,182,182,174,173,173,173,173,173,173,173,173,173,173,173,173,173,165,82,90,172,244,245,245,245,245,245,245,244,236,244,244,236,236,172,172,171,171,163,163,163,171,171,163,82,83,92,101,101,93,92,83,18,83,141,206,199,199,199,199,199,199,199,199,199,199,199,199,199,199,199,199,199,199,199,199,199,199,199,199,199,199,199,199,199,199,199,199,199,199,199,199,199,199,199,199,199,199,199,199,199,199,199,199,199,199,199,199,199,199,
199,199,199,199,199,207,230,173,156,155,156,164,164,172,172,172,172,172,172,172,244,244,244,172,172,172,172,172,172,172,172,172,244,172,171,163,165,173,174,182,173,173,173,173,173,173,182,183,191,255,255,183,182,182,182,182,182,174,173,173,173,173,173,173,173,173,101,100,163,163,172,244,245,245,245,245,244,244,236,172,236,236,172,172,236,172,171,171,163,163,163,171,171,163,82,83,92,101,93,93,93,92,83,91,164,157,206,199,199,199,199,199,199,199,199,199,199,199,199,199,199,199,199,199,199,199,199,199,199,199,199,199,199,199,199,199,199,199,199,199,199,199,199,199,199,199,199,199,199,199,199,199,199,199,199,199,199,199,199,199,
199,199,199,199,199,207,230,173,99,98,170,171,163,163,171,171,172,172,172,172,172,172,172,172,172,172,172,172,172,172,172,236,244,172,163,163,173,183,183,182,182,173,173,173,173,173,174,182,182,182,182,182,182,174,182,174,174,174,173,173,173,173,173,173,173,173,92,91,163,171,236,244,245,245,245,244,236,236,172,172,172,172,172,172,244,172,171,171,163,163,163,171,171,163,82,82,92,93,93,93,93,93,92,92,99,164,206,199,199,199,199,199,199,199,199,199,199,199,199,199,199,199,199,199,199,199,199,199,199,199,199,199,199,199,199,199,199,199,199,199,199,199,199,199,199,199,199,199,199,199,199,199,199,199,199,199,199,199,199,199,
199,199,199,199,199,199,207,149,91,90,163,171,163,163,171,163,163,163,172,244,172,172,172,172,172,172,172,172,236,172,172,244,244,172,163,100,174,183,183,182,182,182,182,182,182,182,173,173,173,173,173,173,165,165,165,165,165,173,173,174,174,174,174,174,174,165,91,90,172,244,244,172,172,172,172,172,172,172,172,172,172,172,172,172,244,172,171,171,163,163,163,171,171,162,81,74,92,93,93,93,93,93,93,92,91,83,142,199,199,199,199,199,199,199,199,199,199,199,199,199,199,199,199,199,199,199,199,199,199,199,199,199,199,199,199,199,199,199,199,199,199,199,199,199,199,199,199,199,199,199,199,199,199,199,199,199,199,199,199,199,
199,199,199,199,199,199,199,206,156,163,162,163,163,163,162,163,163,163,172,244,172,172,172,172,172,236,236,244,244,244,236,236,236,172,100,101,182,183,182,182,182,183,183,183,191,182,173,173,173,173,173,173,165,164,92,92,165,173,173,174,174,174,174,173,173,100,90,154,172,244,244,172,172,172,172,172,172,172,172,172,172,172,172,172,172,172,171,171,171,171,171,171,171,162,82,82,84,92,93,93,93,93,101,101,91,83,149,207,199,199,199,199,199,199,199,199,199,199,199,199,199,199,199,199,199,199,199,199,199,199,199,199,199,199,199,199,199,199,199,199,199,199,199,199,199,199,199,199,199,199,199,199,199,199,199,199,199,199,199,199,
199,199,199,199,199,199,199,207,230,172,154,154,163,163,90,90,172,245,245,244,244,172,236,244,244,244,244,244,244,244,244,172,162,163,173,174,182,182,182,182,182,182,182,182,182,182,182,182,182,182,182,182,182,173,91,91,173,182,174,173,173,173,173,165,92,91,163,171,172,244,244,244,244,244,172,172,172,172,172,172,172,172,172,172,172,171,171,171,171,171,171,171,162,162,164,164,83,83,92,93,93,93,101,101,92,100,165,166,207,199,199,199,199,199,199,199,199,199,199,199,199,199,199,199,199,199,199,199,199,199,199,199,199,199,199,199,199,199,199,199,199,199,199,199,199,199,199,199,199,199,199,199,199,199,199,199,199,199,199,199,
199,199,199,199,199,199,207,223,238,172,154,154,163,163,90,90,172,173,172,172,172,244,244,244,244,244,244,244,244,244,244,172,154,91,174,183,182,182,182,182,182,182,182,182,182,182,183,183,183,183,182,182,183,174,91,91,174,183,182,173,173,173,173,165,92,91,171,236,244,244,172,172,172,172,172,236,172,172,172,172,172,172,172,172,171,171,171,171,171,171,171,171,90,154,173,173,83,83,92,93,101,101,101,101,101,165,172,165,206,199,199,199,199,199,199,199,199,199,199,199,199,199,199,199,199,199,199,199,199,199,199,199,199,199,199,199,199,199,199,199,199,199,199,199,199,199,199,199,199,199,199,199,199,199,199,199,199,199,199,199,
199,199,199,199,199,207,231,174,155,90,162,163,163,163,162,154,90,90,90,163,172,244,244,244,244,244,244,244,244,244,244,172,91,91,174,183,182,182,182,182,182,182,182,182,182,182,183,183,182,182,182,182,182,174,92,92,174,183,182,182,182,182,182,173,91,91,172,244,244,244,171,163,155,163,172,244,172,172,172,172,172,172,172,172,171,171,171,171,171,171,172,171,90,90,173,173,91,83,92,93,101,165,165,165,165,165,172,164,206,199,199,199,199,199,199,199,199,199,199,199,199,199,199,199,199,199,199,199,199,199,199,199,199,199,199,199,199,199,199,199,199,199,199,199,199,199,199,199,199,199,199,199,199,199,199,199,199,199,199,199,
199,199,199,199,199,207,166,172,91,90,163,171,163,163,163,162,90,81,90,154,171,172,172,172,236,244,244,244,244,244,244,172,91,91,174,183,182,182,182,182,182,182,182,182,182,182,182,182,182,182,182,182,182,174,100,100,174,183,182,182,182,183,183,174,91,90,172,244,236,172,163,163,90,163,172,172,172,172,172,172,172,172,172,171,171,171,171,171,171,171,171,163,90,91,182,182,91,83,92,93,101,165,165,165,166,165,100,156,206,199,199,199,199,199,199,199,199,199,199,199,199,199,199,199,199,199,199,199,199,199,199,199,199,199,199,199,199,199,199,199,199,199,199,199,199,199,199,199,199,199,199,199,199,199,199,199,199,199,199,199,
199,199,199,199,199,142,83,90,171,171,171,162,162,162,162,162,162,162,162,163,171,171,171,171,171,171,171,171,171,171,243,163,82,83,174,183,182,182,182,182,182,182,182,182,182,182,182,182,182,182,182,182,182,174,100,100,174,183,182,182,182,182,183,174,91,154,172,244,163,163,164,172,163,163,163,163,172,244,244,172,172,172,171,171,171,171,171,171,172,171,162,154,163,173,246,173,83,83,92,101,101,165,165,165,165,165,100,156,206,199,199,199,199,199,199,199,199,199,199,199,199,199,199,199,199,199,199,199,199,199,199,199,199,199,199,199,199,199,199,199,199,199,199,199,199,199,199,199,199,199,199,199,199,199,199,199,199,199,199,199,
199,199,199,199,199,142,83,90,172,180,171,163,163,171,171,171,171,171,171,171,162,162,162,162,162,171,171,171,171,171,171,162,82,83,174,183,182,182,182,182,182,182,182,182,182,182,182,182,182,182,182,182,182,174,100,100,174,183,182,182,182,182,182,173,163,162,236,172,163,154,163,172,171,163,154,163,172,244,172,172,171,171,171,171,171,171,171,171,171,163,154,91,164,173,246,173,83,83,92,101,101,165,165,165,165,165,100,156,206,199,199,199,199,199,199,199,199,199,199,199,199,199,199,199,199,199,199,199,199,199,199,199,199,199,199,199,199,199,199,199,199,199,199,199,199,199,199,199,199,199,199,199,199,199,199,199,199,199,199,199,
199,199,199,199,199,207,165,173,172,172,172,172,172,172,172,171,171,171,163,162,162,98,98,98,162,162,162,163,171,163,90,82,83,92,174,182,182,182,182,182,182,182,182,182,182,182,182,182,182,182,182,182,182,174,100,100,174,182,182,182,183,182,165,100,163,171,236,244,172,171,163,163,163,163,163,163,172,244,172,171,163,163,171,171,171,171,172,171,162,162,155,164,173,181,246,173,91,83,92,101,101,165,165,165,165,165,100,84,142,199,199,199,199,199,199,199,199,199,199,199,199,199,199,199,199,199,199,199,199,199,199,199,199,199,199,199,199,199,199,199,199,199,199,199,199,199,199,199,199,199,199,199,199,199,199,199,199,199,199,199,
199,199,199,199,199,207,231,238,165,157,165,165,165,165,165,165,164,156,156,155,155,155,155,155,155,155,155,156,164,156,82,90,100,165,173,174,182,182,182,182,182,182,182,182,182,182,182,182,182,182,182,182,182,173,100,165,182,182,182,182,182,174,164,164,171,171,172,172,172,171,163,163,163,163,163,171,172,172,171,163,163,163,163,163,171,171,171,163,154,91,164,173,173,246,246,173,92,84,92,93,101,101,165,165,165,165,100,84,142,199,199,199,199,199,199,199,199,199,199,199,199,199,199,199,199,199,199,199,199,199,199,199,199,199,199,199,199,199,199,199,199,199,199,199,199,199,199,199,199,199,199,199,199,199,199,199,199,199,199,199,
199,199,199,199,199,199,207,215,206,206,206,206,206,206,206,206,206,206,206,206,206,206,206,206,206,206,206,206,206,149,156,164,181,173,100,100,174,183,182,182,182,182,182,182,182,182,182,182,182,182,182,182,174,173,164,165,182,183,182,182,174,173,172,172,172,236,171,171,171,163,163,163,163,163,171,171,172,171,163,163,172,172,155,155,171,171,162,90,90,91,173,173,246,246,181,173,92,92,93,93,93,101,165,165,165,165,100,84,142,199,199,199,199,199,199,199,199,199,199,199,199,199,199,199,199,199,199,199,199,199,199,199,199,199,199,199,199,199,199,199,199,199,199,199,199,199,199,199,199,199,199,199,199,199,199,199,199,199,199,199,
199,199,199,199,199,199,199,199,199,199,199,199,199,199,199,199,199,199,199,199,199,199,199,199,199,199,199,199,199,206,157,173,182,182,100,92,174,183,182,182,182,182,182,182,182,182,182,174,182,182,182,182,173,165,173,173,182,183,183,174,100,92,163,171,171,171,171,163,163,163,163,163,163,163,171,171,171,163,163,163,172,172,90,90,171,171,90,82,91,164,173,181,246,246,173,164,93,93,93,93,93,101,165,165,165,101,91,84,142,199,199,199,199,199,199,199,199,199,199,199,199,199,199,199,199,199,199,199,199,199,199,199,199,199,199,199,199,199,199,199,199,199,199,199,199,199,199,199,199,199,199,199,199,199,199,199,199,199,199,199,
199,199,199,199,199,199,199,199,199,199,199,199,199,199,199,199,199,199,199,199,199,199,199,199,199,199,199,199,199,206,156,172,182,182,164,100,174,182,182,182,182,182,182,182,182,182,182,182,182,182,183,182,100,100,174,182,182,182,183,173,83,81,154,162,162,162,162,171,163,163,171,171,163,163,163,163,163,163,163,171,171,163,90,89,90,91,91,91,164,173,173,173,246,246,164,92,92,93,93,93,93,101,165,165,165,101,91,84,142,199,199,199,199,199,199,199,199,199,199,199,199,199,199,199,199,199,199,199,199,199,199,199,199,199,199,199,199,199,199,199,199,199,199,199,199,199,199,199,199,199,199,199,199,199,199,199,199,199,199,199,
199,199,199,199,199,199,199,199,199,199,199,199,199,199,199,199,199,199,199,199,199,199,199,199,199,199,199,199,199,206,156,172,182,182,173,173,173,173,182,182,182,182,182,182,182,182,182,182,182,182,183,182,100,100,174,183,182,182,183,174,91,82,155,163,162,162,163,163,163,163,162,162,163,163,163,163,162,162,163,163,163,162,154,90,91,91,91,92,173,173,173,173,246,182,91,83,92,93,93,93,93,101,165,165,101,93,91,84,142,199,199,199,199,199,199,199,199,199,199,199,199,199,199,199,199,199,199,199,199,199,199,199,199,199,199,199,199,199,199,199,199,199,199,199,199,199,199,199,199,199,199,199,199,199,199,199,199,199,199,199,
199,199,199,199,199,199,199,199,199,199,199,199,199,199,199,199,199,199,199,199,199,199,199,199,199,199,199,199,199,206,156,172,182,183,182,174,100,100,182,183,183,182,183,183,183,183,183,183,182,182,183,174,100,100,182,183,182,182,182,182,173,173,174,173,173,164,100,91,154,154,89,154,162,162,162,162,162,162,154,154,154,91,100,164,173,165,92,92,173,173,173,173,246,182,91,82,92,93,93,93,93,101,101,101,101,93,91,84,142,199,199,199,199,199,199,199,199,199,199,199,199,199,199,199,199,199,199,199,199,199,199,199,199,199,199,199,199,199,199,199,199,199,199,199,199,199,199,199,199,199,199,199,199,199,199,199,199,199,199,199,
199,199,199,199,199,199,199,199,199,199,199,199,199,199,199,199,199,199,199,199,199,199,199,199,199,199,199,199,199,206,156,172,182,183,191,182,91,91,173,182,182,174,174,174,174,182,182,182,182,182,183,182,100,100,182,183,182,182,182,182,183,183,183,183,182,174,165,100,163,163,154,154,162,162,163,163,163,163,155,91,91,100,165,173,174,173,92,91,173,173,173,173,246,174,83,74,92,93,93,93,93,93,101,93,93,92,91,84,142,199,199,199,199,199,199,199,199,199,199,199,207,215,207,206,206,206,206,206,206,206,206,206,206,206,206,207,199,199,199,199,199,199,199,199,199,199,199,199,199,199,199,199,199,199,199,199,199,199,199,199,
199,199,199,199,199,199,199,199,199,199,199,199,199,199,199,199,199,199,199,199,199,199,199,199,199,199,199,199,199,206,165,173,182,183,191,182,91,91,164,173,165,164,164,100,100,100,100,165,173,174,182,182,164,165,182,191,183,182,183,183,182,182,182,182,182,182,182,174,174,182,181,173,91,91,100,100,164,164,164,165,165,173,173,173,173,173,92,91,173,173,173,173,246,174,83,74,92,92,93,93,93,93,93,93,92,92,90,83,142,199,199,199,199,199,199,199,199,199,199,207,231,239,166,165,157,156,156,156,156,156,156,156,156,165,165,166,207,199,199,199,199,199,199,199,199,199,199,199,199,199,199,199,199,199,199,199,199,199,199,199,
199,199,199,199,199,199,199,199,199,199,199,199,199,199,199,199,199,199,199,199,199,199,199,199,199,199,199,199,199,206,165,181,182,182,182,173,100,91,164,165,164,164,164,100,100,100,100,165,173,173,182,173,100,100,174,182,182,174,182,174,174,174,174,174,174,174,182,182,182,182,182,173,92,91,101,165,165,165,173,173,173,173,173,173,173,165,91,91,173,173,173,173,246,174,83,74,91,92,92,93,93,93,93,92,84,83,90,83,142,199,199,199,199,199,199,199,207,214,206,214,238,181,173,172,172,172,171,171,171,171,171,171,171,172,180,173,149,206,206,206,199,199,199,199,199,199,199,199,199,199,199,199,199,199,199,199,199,199,199,199,
199,199,199,199,199,199,199,199,199,199,199,199,199,199,199,199,199,199,199,199,199,199,199,199,199,199,199,199,199,215,238,182,173,173,173,173,165,173,174,182,174,174,174,174,174,182,174,174,173,173,173,100,82,82,164,173,164,164,165,165,164,164,164,164,164,165,165,165,165,165,165,100,91,91,173,182,173,173,173,173,173,173,173,173,173,165,91,91,173,181,173,173,246,182,91,82,92,92,92,92,93,93,93,92,83,83,99,156,206,199,199,199,199,199,199,207,230,173,164,156,163,163,172,172,172,172,172,172,172,172,172,172,172,172,171,171,155,155,164,157,206,199,199,199,199,199,199,199,199,199,199,199,199,199,199,199,199,199,199,199,
199,199,199,199,199,199,199,199,199,199,199,199,199,199,199,199,199,199,199,199,199,199,199,199,199,199,199,199,199,207,231,238,165,100,100,164,174,182,182,182,182,182,182,182,183,183,182,182,174,173,173,100,82,82,164,173,164,164,165,165,164,164,164,164,164,164,164,164,165,165,164,100,91,100,173,182,173,173,173,173,173,173,173,173,173,165,91,91,173,173,173,173,246,182,91,83,92,92,92,92,92,92,92,84,83,83,164,165,206,199,199,199,207,215,206,150,173,180,171,163,163,163,171,172,244,244,244,244,244,244,244,244,244,244,171,171,162,162,171,164,149,206,207,207,199,199,199,199,199,199,199,199,199,199,199,199,199,199,199,199,
199,199,199,199,199,199,199,199,199,199,199,199,199,199,199,199,199,199,199,199,199,199,199,199,199,199,199,199,199,199,207,150,83,91,91,164,174,182,182,182,182,182,182,182,182,182,182,182,174,174,182,173,91,91,173,182,182,174,182,182,174,174,174,174,174,174,174,174,174,174,182,174,164,100,165,173,173,173,173,173,173,173,173,173,174,173,100,92,164,173,173,173,246,173,91,83,92,92,92,92,92,92,83,83,83,91,173,238,215,199,199,207,231,238,156,155,163,171,172,172,172,172,172,172,172,172,172,172,172,172,172,236,244,244,172,171,163,162,171,163,82,147,230,231,207,199,199,199,199,199,199,199,199,199,199,199,199,199,199,199,
199,199,199,199,199,199,199,199,199,199,199,199,199,199,199,199,199,199,199,199,199,199,199,199,199,199,199,199,199,199,206,141,83,90,91,165,182,183,182,174,182,182,182,182,174,174,174,174,174,182,183,174,100,100,182,183,183,182,183,182,182,182,182,182,182,182,182,182,182,182,183,182,173,165,100,100,165,173,173,173,173,173,165,165,173,165,100,100,91,164,173,173,246,173,164,91,92,92,92,92,91,83,83,83,82,91,166,231,207,199,207,223,238,173,163,163,171,171,172,244,244,244,172,172,172,172,172,172,172,172,172,172,172,172,172,171,171,163,171,162,89,98,172,238,215,199,199,199,199,199,199,199,199,199,199,199,199,199,199,199,
199,199,199,199,199,199,199,199,199,199,199,199,199,199,199,199,199,199,199,199,199,199,199,199,199,199,199,199,199,206,148,90,90,91,100,101,182,183,182,182,182,182,174,174,174,174,174,174,174,182,182,174,100,100,174,183,182,182,182,182,182,182,182,182,182,182,182,182,182,182,182,182,174,173,100,100,164,165,173,173,173,165,100,92,92,100,100,92,82,82,165,182,246,173,164,92,92,92,83,83,83,83,92,92,82,83,150,207,199,207,231,238,155,155,171,172,172,172,172,172,172,172,172,172,172,172,172,172,172,172,172,172,172,172,171,171,163,163,163,163,162,162,163,156,206,199,199,199,199,199,199,199,199,199,199,199,199,199,199,199,
199,199,199,199,199,199,199,199,199,199,199,199,199,199,199,199,199,199,199,199,199,199,199,199,199,199,199,199,206,149,155,162,163,163,100,101,182,183,182,182,182,182,174,174,174,174,174,182,182,182,182,174,100,100,174,182,182,182,174,174,182,182,182,174,182,182,182,182,182,182,174,174,174,173,164,100,100,100,164,165,165,164,164,99,99,164,164,164,82,90,164,173,173,173,173,164,91,83,83,83,83,91,92,92,91,84,142,199,207,223,238,172,154,154,172,244,244,172,172,172,172,172,172,172,172,172,172,172,172,172,172,172,171,171,163,163,163,163,163,163,171,163,162,155,149,207,199,199,199,199,199,199,199,199,199,199,199,199,199,199,
199,199,199,199,199,199,199,199,199,199,199,199,199,199,199,199,199,199,199,199,199,199,199,199,199,199,199,206,148,155,172,244,244,172,91,91,182,191,182,182,182,182,182,182,182,182,182,182,182,182,182,174,100,100,174,182,182,182,174,174,182,182,182,182,182,182,182,182,182,174,173,173,173,173,173,165,92,91,91,91,163,163,172,172,172,172,172,172,172,171,163,163,91,164,173,173,82,10,83,92,92,92,92,92,100,165,206,207,231,238,163,154,163,171,172,244,172,172,172,172,172,172,172,172,172,172,172,172,172,171,171,171,163,163,163,163,163,163,163,163,163,163,162,163,164,158,207,199,199,199,199,199,199,199,199,199,199,199,199,199,
199,199,199,199,199,199,199,199,199,199,199,199,199,199,199,199,199,199,199,199,199,199,199,199,199,199,206,149,91,171,180,245,245,172,155,91,173,182,182,182,182,182,182,182,182,182,182,182,182,182,182,174,100,100,174,182,182,182,174,174,182,182,182,182,182,182,182,174,174,173,173,173,165,173,173,165,92,91,91,163,163,171,236,244,244,244,244,244,244,244,171,163,163,163,173,172,82,74,91,92,92,92,83,91,173,174,223,223,238,172,154,154,171,236,172,172,172,172,172,172,172,172,172,172,172,172,171,171,171,163,163,163,163,163,163,163,163,163,163,163,163,163,162,171,171,164,206,199,199,199,199,199,199,199,199,199,199,199,199,199,
199,199,199,199,199,199,199,199,199,199,199,199,199,199,199,199,199,199,199,199,199,199,199,199,199,206,148,155,172,180,245,245,245,244,171,163,100,165,182,183,182,182,182,182,182,182,182,182,182,182,183,174,100,100,174,183,182,182,182,182,182,182,182,182,182,182,174,173,173,173,165,165,173,173,101,100,163,163,172,244,244,244,244,244,244,244,244,244,244,244,236,172,180,172,163,91,91,91,92,92,92,92,10,83,173,247,247,238,163,154,162,163,171,171,171,171,171,171,171,171,171,171,171,171,171,171,163,163,163,163,163,163,163,163,163,163,163,163,163,163,163,163,171,162,98,155,206,199,199,199,199,199,199,199,199,199,199,199,199,199,
199,199,199,199,199,199,199,199,199,199,199,199,199,199,199,199,199,199,199,199,199,199,199,199,207,149,91,99,181,245,245,245,245,244,244,172,99,100,174,182,182,182,182,182,182,182,182,182,182,182,183,174,100,100,174,183,182,182,182,182,182,182,182,182,174,174,173,173,173,165,165,173,173,165,100,164,163,171,244,244,244,244,244,236,236,172,172,172,236,244,244,244,244,244,163,90,91,91,92,92,92,91,83,91,182,255,246,172,154,154,163,171,163,163,163,163,163,163,163,163,163,163,163,163,163,163,162,162,162,162,163,163,163,163,163,163,163,163,163,163,163,163,171,162,89,82,149,207,199,199,199,199,199,199,199,199,199,199,199,199,
199,199,199,199,199,199,199,199,199,199,199,199,199,199,199,199,199,199,199,199,199,199,199,207,166,173,163,163,245,245,245,245,245,245,245,172,163,163,164,173,174,182,182,182,182,182,182,182,182,182,183,174,92,100,182,191,183,182,182,182,182,182,182,174,173,173,173,173,173,173,173,173,101,100,163,163,172,244,244,244,244,244,172,172,172,172,172,172,172,172,172,172,244,244,172,163,82,82,91,92,83,92,164,173,246,182,163,154,162,163,163,163,163,163,163,163,163,163,163,163,171,163,162,90,90,90,154,154,162,162,154,154,90,154,163,163,163,163,163,163,163,163,171,162,89,90,165,231,207,199,199,199,199,199,199,199,199,199,199,199,
199,199,199,199,199,199,199,199,199,199,199,199,199,199,199,199,199,199,199,199,199,199,199,206,165,172,172,172,245,245,245,245,245,245,245,244,171,163,100,100,173,174,182,182,182,182,182,182,182,182,183,174,91,91,182,183,182,182,182,182,174,174,174,173,173,173,173,173,173,173,173,173,100,99,163,171,244,244,244,172,172,172,172,172,172,172,172,172,172,172,172,172,172,172,244,171,90,81,83,84,83,92,173,246,182,172,154,89,162,171,163,163,163,163,163,163,163,163,163,163,163,163,154,90,90,154,154,162,162,162,162,154,90,154,162,163,163,163,163,163,163,163,171,162,89,90,165,231,207,199,199,199,199,199,199,199,199,199,199,199,
199,199,199,199,199,199,199,199,199,199,199,199,199,199,199,199,199,199,199,199,199,199,199,206,156,172,181,245,245,245,245,245,245,245,245,244,244,171,163,163,100,165,173,174,173,173,174,174,174,182,183,174,91,91,173,182,182,174,173,173,173,173,173,173,173,173,173,173,173,173,174,165,91,90,171,244,244,244,172,172,172,172,172,172,172,172,172,172,172,172,172,172,172,172,244,172,163,154,83,83,92,164,173,173,163,162,162,162,163,163,163,163,163,163,163,163,163,163,171,163,154,154,162,163,163,163,163,163,163,163,163,163,163,163,163,163,163,163,163,163,163,163,171,162,89,82,149,207,199,199,199,199,199,199,199,199,199,199,199,199,
199,199,199,199,199,199,199,199,199,199,199,199,199,199,199,199,199,199,199,199,199,199,207,214,155,163,245,253,245,245,245,245,245,245,244,244,244,236,171,163,91,100,165,173,173,173,173,173,173,173,174,173,91,91,165,173,173,173,173,173,173,173,173,173,173,173,173,173,173,173,165,164,155,162,172,244,244,172,172,172,172,172,172,172,172,172,172,172,172,172,172,172,172,236,244,244,235,163,82,74,91,164,172,172,162,162,163,171,163,163,163,163,163,163,163,163,163,171,171,163,90,90,163,171,171,171,171,171,171,163,171,171,171,163,163,163,163,163,163,163,163,163,171,162,89,146,205,199,199,199,199,199,199,199,199,199,199,199,199,199,
199,199,199,199,199,199,199,199,199,199,199,199,199,199,199,199,199,199,199,199,199,207,231,238,155,163,245,253,245,245,245,245,245,245,236,172,244,244,244,171,163,91,92,101,174,174,165,100,100,100,100,100,100,100,100,100,91,100,173,173,173,173,173,173,173,173,173,173,173,173,92,91,172,244,244,244,172,172,172,172,172,172,172,172,172,236,236,236,244,244,244,244,244,244,244,244,244,163,81,73,90,163,163,163,163,163,163,171,163,163,163,163,163,163,163,163,171,171,171,163,90,90,163,171,171,163,163,163,163,163,163,163,163,163,163,163,163,163,163,163,163,163,171,162,90,147,206,199,199,199,199,199,199,199,199,199,199,199,199,199,
199,199,199,199,199,199,199,199,199,199,199,199,199,199,199,199,199,199,199,199,199,215,239,181,163,163,245,245,245,245,245,245,245,244,172,172,172,244,244,172,162,154,91,100,165,173,165,100,100,100,100,100,164,164,100,92,91,92,164,173,173,173,173,173,173,173,173,173,174,165,91,90,172,244,244,172,172,172,172,172,172,172,172,172,172,236,236,236,244,244,244,244,244,244,244,244,244,171,81,81,90,163,162,162,171,171,171,163,163,163,163,163,163,163,163,171,171,163,163,162,154,154,163,171,163,163,163,163,163,163,163,163,163,163,163,163,163,163,163,163,163,163,171,163,98,147,206,199,199,199,199,199,199,199,199,199,199,199,199,199,
199,199,199,199,199,199,199,199,199,199,199,199,199,199,199,199,199,199,199,199,199,207,166,173,172,172,245,245,245,245,245,244,244,236,236,236,244,236,172,171,171,163,163,154,82,91,173,174,173,173,173,173,173,173,173,173,173,165,100,92,92,92,92,100,164,173,173,174,174,165,91,154,172,244,244,172,172,172,172,172,172,172,172,172,172,172,172,172,172,172,236,236,172,172,244,244,236,171,90,90,162,163,163,163,171,171,163,163,163,163,163,163,163,163,163,171,171,163,154,154,162,162,163,171,163,163,163,163,163,163,163,163,163,163,163,163,163,163,163,163,163,163,171,163,99,156,206,199,199,199,199,199,199,199,199,199,199,199,199,199,
199,199,199,199,199,199,199,199,199,199,199,199,199,199,199,199,199,199,199,199,199,206,157,172,172,244,245,245,245,245,244,244,236,236,172,236,236,172,171,171,171,171,162,162,81,82,164,173,173,173,173,173,173,173,173,173,174,173,100,92,91,92,92,100,100,164,173,173,165,100,90,162,172,244,244,172,172,172,172,172,172,172,172,172,172,172,172,172,172,172,172,172,172,172,244,236,172,171,154,154,162,163,171,171,163,163,163,163,163,163,163,163,163,163,163,171,171,163,154,154,154,162,163,171,163,163,163,163,163,163,163,163,163,163,163,163,163,163,163,163,163,163,162,163,163,157,206,199,199,199,199,199,199,199,199,199,199,199,199,199,
199,199,199,199,199,199,199,199,199,199,199,199,199,199,199,199,199,199,199,199,199,206,156,164,172,244,244,244,244,244,244,244,236,236,172,172,172,171,171,163,163,163,163,163,162,162,155,91,100,165,173,174,173,173,173,173,173,173,173,165,165,173,173,173,164,100,100,91,91,91,90,162,172,244,236,172,172,172,172,172,244,244,172,172,172,172,172,172,172,172,172,172,172,236,244,236,172,171,162,154,154,162,163,171,171,163,163,163,163,163,163,163,163,163,163,163,171,163,163,162,90,154,163,171,163,163,163,163,163,163,163,163,163,163,163,163,163,163,163,163,171,162,89,154,173,238,215,199,199,199,199,199,199,199,199,199,199,199,199,199,
199,199,199,199,199,199,199,199,199,199,199,199,199,199,199,199,199,199,199,199,199,206,156,164,171,244,244,244,236,236,236,172,172,172,172,172,171,171,171,163,163,163,163,171,171,163,154,90,91,100,165,173,173,173,173,173,173,173,173,173,173,173,173,173,165,164,100,92,92,91,90,162,172,244,244,172,172,172,172,245,245,245,245,236,172,172,172,172,172,172,172,172,236,236,244,236,172,171,163,162,154,154,163,171,171,163,163,163,163,163,163,163,163,163,163,163,163,171,171,163,90,90,163,171,171,163,163,163,163,163,163,163,163,163,163,163,163,163,163,163,163,162,90,155,238,231,207,199,199,199,199,199,199,199,199,199,199,199,199,199,
199,199,199,199,199,199,199,199,199,199,199,199,199,199,199,199,199,199,199,199,199,206,157,172,171,235,236,236,236,172,172,172,171,171,171,171,171,171,163,163,163,163,163,163,163,163,163,162,154,90,91,99,100,108,100,100,100,165,173,173,173,173,173,173,173,173,173,173,174,173,91,90,172,245,244,172,172,172,245,245,245,245,245,245,172,172,172,172,172,172,172,236,236,236,244,236,172,171,163,162,154,154,163,171,171,163,163,163,163,163,163,163,163,163,163,163,163,171,171,163,90,90,163,171,171,171,163,163,163,163,163,163,163,163,163,163,163,163,171,163,162,162,171,165,222,207,199,199,199,199,199,199,199,199,199,199,199,199,199,199,
199,199,199,199,199,199,199,199,199,199,199,199,199,199,199,199,199,199,199,199,199,206,165,172,171,171,171,172,172,172,171,171,171,171,171,171,163,163,163,163,163,163,163,163,163,163,171,163,162,154,83,84,156,157,156,156,165,173,173,173,173,173,173,173,173,173,173,173,173,172,90,82,163,172,172,172,172,172,245,245,245,245,245,245,172,172,172,172,172,172,172,236,236,244,244,172,171,171,171,162,90,154,163,171,171,163,163,163,163,163,163,163,163,163,163,163,163,163,171,163,154,154,162,163,163,163,163,163,163,163,163,163,163,163,163,163,163,163,163,162,162,163,173,166,207,199,199,199,199,199,199,199,199,199,199,199,199,199,199,199,
199,199,199,199,199,199,199,199,199,199,199,199,199,199,199,199,199,199,199,199,199,207,166,173,163,162,171,171,171,171,171,171,171,171,171,163,163,163,163,163,163,163,163,163,163,163,162,162,172,165,149,142,206,206,206,150,174,181,181,181,173,173,173,173,173,172,91,90,90,90,90,82,90,162,172,244,172,172,172,244,245,245,245,244,172,172,172,172,172,172,172,236,244,244,172,172,171,171,171,163,90,154,163,171,171,163,163,163,163,163,163,163,163,163,163,163,163,163,163,163,163,163,90,90,90,154,163,171,171,171,171,171,163,171,171,171,171,162,154,90,172,173,222,207,199,199,199,199,199,199,199,199,199,199,199,199,199,199,199,199,
199,199,199,199,199,199,199,199,199,199,199,199,199,199,199,199,199,199,199,199,207,222,173,172,163,162,171,171,171,171,171,171,171,163,163,163,163,163,163,163,163,163,163,163,163,163,162,163,173,166,207,199,199,199,199,207,230,238,174,165,165,165,165,165,165,156,83,74,74,83,83,83,82,90,172,244,172,172,172,172,244,245,244,172,172,172,172,172,172,172,236,244,244,236,172,171,171,171,171,163,90,90,162,171,171,163,163,163,163,163,163,163,163,163,163,163,163,163,163,163,171,163,154,90,90,154,163,163,163,163,163,163,163,162,162,162,163,163,162,163,173,230,207,199,199,199,199,199,199,199,199,199,199,199,199,199,199,199,199,199,
199,199,199,199,199,199,199,199,199,199,199,199,199,199,199,199,199,199,199,207,158,165,164,163,171,171,171,171,171,171,171,163,163,163,163,163,163,163,163,163,163,163,163,163,171,163,162,155,149,207,199,199,199,199,199,199,207,215,215,206,206,206,206,206,206,206,142,133,133,134,142,149,164,172,171,171,172,244,172,172,172,172,172,172,172,172,172,172,172,236,244,244,172,172,171,171,163,163,171,162,81,81,162,162,162,163,163,163,163,163,163,171,163,163,163,163,163,163,163,163,163,163,163,163,163,162,154,90,90,154,154,154,154,89,89,89,98,172,173,238,222,207,199,199,199,199,199,199,199,199,199,199,199,199,199,199,199,199,199,199,
199,199,199,199,199,199,199,199,199,199,199,199,199,199,199,199,199,199,206,149,164,171,163,163,171,172,171,171,171,171,163,163,163,163,163,163,163,163,163,163,163,163,163,163,162,162,163,156,206,199,199,199,199,199,199,199,199,199,199,199,199,199,199,199,199,199,199,199,199,199,199,207,166,173,163,163,172,244,172,172,172,172,172,172,172,172,172,172,172,172,172,172,172,171,171,171,163,163,163,162,90,90,163,171,171,163,163,163,163,163,162,162,162,162,163,163,163,163,163,163,163,163,163,171,171,162,90,89,90,90,90,90,98,90,82,82,156,165,238,231,207,199,199,199,199,199,199,199,199,199,199,199,199,199,199,199,199,199,199,199,
199,199,199,199,199,199,199,199,199,199,199,199,199,199,199,199,199,206,157,164,163,162,162,163,171,172,172,172,171,171,163,163,163,163,163,163,163,163,163,163,163,163,163,162,153,162,172,173,214,199,199,199,199,199,199,199,199,199,199,199,199,199,199,199,199,199,199,199,199,199,199,199,207,149,91,98,171,172,172,172,172,172,172,172,172,172,172,172,172,172,172,171,171,171,163,163,163,163,162,163,155,164,181,181,172,171,171,163,163,162,98,90,89,154,162,162,162,162,162,162,162,162,162,162,162,162,153,89,89,90,98,99,171,164,149,141,206,206,215,207,199,199,199,199,199,199,199,199,199,199,199,199,199,199,199,199,199,199,199,199,
199,199,199,199,199,199,199,199,199,199,199,199,199,199,199,199,199,206,157,164,163,163,90,154,163,171,171,171,171,163,171,171,163,163,163,163,163,162,162,162,163,163,163,163,162,163,173,230,207,199,199,199,199,199,199,199,199,199,199,199,199,199,199,199,199,199,199,199,199,199,199,199,199,206,155,98,163,171,171,171,171,171,171,171,171,171,171,171,171,171,171,171,163,163,163,163,163,163,162,163,164,173,174,174,165,165,156,156,156,155,155,155,154,163,163,163,171,171,163,163,171,171,171,163,163,163,163,163,155,155,156,156,165,166,207,199,199,199,199,199,199,199,199,199,199,199,199,199,199,199,199,199,199,199,199,199,199,199,199,199,
199,199,199,199,199,199,199,199,199,199,199,199,199,199,199,199,199,199,206,222,238,172,90,81,162,163,162,162,154,163,171,171,171,163,163,162,162,162,89,98,162,163,163,172,181,174,222,207,199,199,199,199,199,199,199,199,199,199,199,199,199,199,199,199,199,199,199,199,199,199,199,199,199,206,165,172,163,162,163,171,171,171,171,163,163,163,163,163,163,163,163,163,163,163,163,163,163,163,162,163,173,174,223,215,206,206,206,206,206,206,206,214,237,245,181,181,181,173,172,172,172,173,181,181,173,181,181,238,214,206,206,206,206,207,199,199,199,199,199,199,199,199,199,199,199,199,199,199,199,199,199,199,199,199,199,199,199,199,199,199,
199,199,199,199,199,199,199,199,199,199,199,199,199,199,199,199,199,199,199,215,239,181,99,90,163,163,155,155,90,90,163,171,163,163,163,171,163,163,154,147,155,156,156,165,238,231,207,199,199,199,199,199,199,199,199,199,199,199,199,199,199,199,199,199,199,199,199,199,199,199,199,199,199,207,166,173,162,154,162,163,163,163,163,163,163,163,163,163,163,163,163,163,163,163,163,163,163,163,162,163,173,174,215,199,199,199,199,199,199,199,199,207,231,239,239,238,174,166,166,166,166,166,174,174,174,238,239,231,207,199,199,199,199,199,199,199,199,199,199,199,199,199,199,199,199,199,199,199,199,199,199,199,199,199,199,199,199,199,199,199,
199,199,199,199,199,199,199,199,199,199,199,199,199,199,199,199,199,199,199,215,238,190,181,173,245,238,214,140,82,89,154,162,98,98,163,172,181,173,149,206,206,206,206,206,215,207,199,199,199,199,199,199,199,199,199,199,199,199,199,199,199,199,199,199,199,199,199,199,199,199,199,199,199,199,207,149,82,89,162,163,163,163,163,163,163,163,163,163,163,163,163,163,163,163,163,163,163,163,162,163,173,166,207,199,199,199,199,199,199,199,199,199,207,215,215,215,215,207,207,207,207,207,215,215,215,215,215,207,199,199,199,199,199,199,199,199,199,199,199,199,199,199,199,199,199,199,199,199,199,199,199,199,199,199,199,199,199,199,199,199,
199,199,199,199,199,199,199,199,199,199,199,199,199,199,199,199,199,199,199,207,230,238,238,238,239,231,207,206,155,98,162,163,155,155,156,165,174,230,207,199,199,199,199,199,199,199,199,199,199,199,199,199,199,199,199,199,199,199,199,199,199,199,199,199,199,199,199,199,199,199,199,199,199,199,199,142,83,90,162,171,163,163,163,163,163,163,163,163,163,163,163,163,163,163,163,163,163,163,162,163,172,166,207,199,199,199,199,199,199,199,199,199,199,199,199,199,199,199,199,199,199,199,199,199,199,199,199,199,199,199,199,199,199,199,199,199,199,199,199,199,199,199,199,199,199,199,199,199,199,199,199,199,199,199,199,199,199,199,199,199,
199,199,199,199,199,199,199,199,199,199,199,199,199,199,199,199,199,199,199,199,207,215,215,215,215,207,199,206,156,171,181,238,214,206,206,206,215,207,199,199,199,199,199,199,199,199,199,199,199,199,199,199,199,199,199,199,199,199,199,199,199,199,199,199,199,199,199,199,199,199,199,199,199,199,199,206,156,98,163,171,163,163,163,163,163,163,163,163,163,163,163,163,163,163,163,171,163,163,162,163,172,165,206,199,199,199,199,199,199,199,199,199,199,199,199,199,199,199,199,199,199,199,199,199,199,199,199,199,199,199,199,199,199,199,199,199,199,199,199,199,199,199,199,199,199,199,199,199,199,199,199,199,199,199,199,199,199,199,199,199,
199,199,199,199,199,199,199,199,199,199,199,199,199,199,199,199,199,199,199,199,199,199,199,199,199,199,199,206,157,165,238,231,207,199,199,199,199,199,199,199,199,199,199,199,199,199,199,199,199,199,199,199,199,199,199,199,199,199,199,199,199,199,199,199,199,199,199,199,199,199,199,199,199,199,199,206,156,163,171,171,163,163,162,162,162,163,163,163,171,171,163,163,163,163,162,162,162,163,171,171,171,164,214,207,199,199,199,199,199,199,199,199,199,199,199,199,199,199,199,199,199,199,199,199,199,199,199,199,199,199,199,199,199,199,199,199,199,199,199,199,199,199,199,199,199,199,199,199,199,199,199,199,199,199,199,199,199,199,199,199,
199,199,199,199,199,199,199,199,199,199,199,199,199,199,199,199,199,199,199,199,199,199,199,199,199,199,199,199,206,206,215,207,199,199,199,199,199,199,199,199,199,199,199,199,199,199,199,199,199,199,199,199,199,199,199,199,199,199,199,199,199,199,199,199,199,199,199,199,199,199,199,199,199,199,199,206,156,163,172,235,162,154,89,89,162,162,171,171,172,172,171,171,171,162,162,89,90,162,171,171,162,163,238,231,207,199,199,199,199,199,199,199,199,199,199,199,199,199,199,199,199,199,199,199,199,199,199,199,199,199,199,199,199,199,199,199,199,199,199,199,199,199,199,199,199,199,199,199,199,199,199,199,199,199,199,199,199,199,199,199,
199,199,199,199,199,199,199,199,199,199,199,199,199,199,199,199,199,199,199,199,199,199,199,199,199,199,199,199,199,199,199,199,199,199,199,199,199,199,199,199,199,199,199,199,199,199,199,199,199,199,199,199,199,199,199,199,199,199,199,199,199,199,199,199,199,199,199,199,199,199,199,199,199,199,199,206,156,172,180,180,171,163,154,154,163,171,171,172,172,172,171,163,162,162,154,154,155,163,172,172,162,155,238,231,207,199,199,199,199,199,199,199,199,199,199,199,199,199,199,199,199,199,199,199,199,199,199,199,199,199,199,199,199,199,199,199,199,199,199,199,199,199,199,199,199,199,199,199,199,199,199,199,199,199,199,199,199,199,199,199,
199,199,199,199,199,199,199,199,199,199,199,199,199,199,199,199,199,199,199,199,199,199,199,199,199,199,199,199,199,199,199,199,199,199,199,199,199,199,199,199,199,199,199,199,199,199,199,199,199,199,199,199,199,199,199,199,199,199,199,199,199,199,199,199,199,199,199,199,199,199,199,199,199,199,199,215,174,181,173,173,181,238,213,213,238,181,172,163,163,162,154,90,90,91,141,213,238,245,181,172,99,156,214,207,199,199,199,199,199,199,199,199,199,199,199,199,199,199,199,199,199,199,199,199,199,199,199,199,199,199,199,199,199,199,199,199,199,199,199,199,199,199,199,199,199,199,199,199,199,199,199,199,199,199,199,199,199,199,199,199,
199,199,199,199,199,199,199,199,199,199,199,199,199,199,199,199,199,199,199,199,199,199,199,199,199,199,199,199,199,199,199,199,199,199,199,199,199,199,199,199,199,199,199,199,199,199,199,199,199,199,199,199,199,199,199,199,199,199,199,199,199,199,199,199,199,199,199,199,199,199,199,199,199,199,199,207,231,238,165,165,239,231,207,207,231,238,165,156,164,163,163,90,91,148,206,207,231,239,174,165,164,157,206,199,199,199,199,199,199,199,199,199,199,199,199,199,199,199,199,199,199,199,199,199,199,199,199,199,199,199,199,199,199,199,199,199,199,199,199,199,199,199,199,199,199,199,199,199,199,199,199,199,199,199,199,199,199,199,199,199,
199,199,199,199,199,199,199,199,199,199,199,199,199,199,199,199,199,199,199,199,199,199,199,199,199,199,199,199,199,199,199,199,199,199,199,199,199,199,199,199,199,199,199,199,199,199,199,199,199,199,199,199,199,199,199,199,199,199,199,199,199,199,199,199,199,199,199,199,199,199,199,199,199,199,199,199,207,215,206,206,215,207,199,199,207,215,206,214,238,246,181,173,150,206,199,199,207,215,215,206,206,206,199,199,199,199,199,199,199,199,199,199,199,199,199,199,199,199,199,199,199,199,199,199,199,199,199,199,199,199,199,199,199,199,199,199,199,199,199,199,199,199,199,199,199,199,199,199,199,199,199,199,199,199,199,199,199,199,199,199,
199,199,199,199,199,199,199,199,199,199,199,199,199,199,199,199,199,199,199,199,199,199,199,199,199,199,199,199,199,199,199,199,199,199,199,199,199,199,199,199,199,199,199,199,199,199,199,199,199,199,199,199,199,199,199,199,199,199,199,199,199,199,199,199,199,199,199,199,199,199,199,199,199,199,199,199,199,199,199,199,199,199,199,199,199,199,199,207,231,239,239,231,207,199,199,199,199,199,199,199,199,199,199,199,199,199,199,199,199,199,199,199,199,199,199,199,199,199,199,199,199,199,199,199,199,199,199,199,199,199,199,199,199,199,199,199,199,199,199,199,199,199,199,199,199,199,199,199,199,199,199,199,199,199,199,199,199,199,199,199,
199,199,199,199,199,199,199,199,199,199,199,199,199,199,199,199,199,199,199,199,199,199,199,199,199,199,199,199,199,199,199,199,199,199,199,199,199,199,199,199,199,199,199,199,199,199,199,199,199,199,199,199,199,199,199,199,199,199,199,199,199,199,199,199,199,199,199,199,199,199,199,199,199,199,199,199,199,199,199,199,199,199,199,199,199,199,199,199,207,215,215,207,199,199,199,199,199,199,199,199,199,199,199,199,199,199,199,199,199,199,199,199,199,199,199,199,199,199,199,199,199,199,199,199,199,199,199,199,199,199,199,199,199,199,199,199,199,199,199,199,199,199,199,199,199,199,199,199,199,199,199,199,199,199,199,199,199,199,199,199,
199,199,199,199,199,199,199,199,199,199,199,199,199,199,199,199,199,199,199,199,199,199,199,199,199,199,199,199,199,199,199,199,199,199,199,199,199,199,199,199,199,199,199,199,199,199,199,199,199,199,199,199,199,199,199,199,199,199,199,199,199,199,199,199,199,199,199,199,199,199,199,199,199,199,199,199,199,199,199,199,199,199,199,199,199,199,199,199,199,199,199,199,199,199,199,199,199,199,199,199,199,199,199,199,199,199,199,199,199,199,199,199,199,199,199,199,199,199,199,199,199,199,199,199,199,199,199,199,199,199,199,199,199,199,199,199,199,199,199,199,199,199,199,199,199,199,199,199,199,199,199,199,199,199,199,199,199,199,199,199,
199,199,199,199,199,199,199,199,199,199,199,199,199,199,199,199,199,199,199,199,199,199,199,199,199,199,199,199,199,199,199,199,199,199,199,199,199,199,199,199,199,199,199,199,199,199,199,199,199,199,199,199,199,199,199,199,199,199,199,199,199,199,199,199,199,199,199,199,199,199,199,199,199,199,199,199,199,199,199,199,199,199,199,199,199,199,199,199,199,199,199,199,199,199,199,199,199,199,199,199,199,199,199,199,199,199,199,199,199,199,199,199,199,199,199,199,199,199,199,199,199,199,199,199,199,199,199,199,199,199,199,199,199,199,199,199,199,199,199,199,199,199,199,199,199,199,199,199,199,199,199,199,199,199,199,199,199,199,199,199,
199,199,199,199,199,199,199,199,199,199,199,199,199,199,199,199,199,199,199,199,199,199,199,199,199,199,199,199,199,199,199,199,199,199,199,199,199,199,199,199,199,199,199,199,199,199,199,199,199,199,199,199,199,199,199,199,199,199,199,199,199,199,199,199,199,199,199,199,199,199,199,199,199,199,199,199,199,199,199,199,199,199,199,199,199,199,199,199,199,199,199,199,199,199,199,199,199,199,199,199,199,199,199,199,199,199,199,199,199,199,199,199,199,199,199,199,199,199,199,199,199,199,199,199,199,199,199,199,199,199,199,199,199,199,199,199,199,199,199,199,199,199,199,199,199,199,199,199,199,199,199,199,199,199,199,199,199,199,199,199,


