layer_back: .word 16, 16
.byte 199,199,199,93,2,11,11,11,11,11,11,84,199,199,199,199,
199,199,199,12,95,95,95,95,95,95,95,85,11,199,199,199,
199,199,76,86,95,95,95,95,95,95,95,95,77,92,199,199,
199,93,11,77,86,95,95,95,95,95,95,77,77,83,199,199,
199,91,1,85,85,77,77,77,77,77,77,85,12,9,199,199,
199,18,83,75,76,86,76,1,10,86,85,75,83,19,18,199,
199,83,92,9,83,11,11,11,11,11,75,74,1,93,0,199,
199,199,0,1,74,83,92,83,84,92,74,10,0,19,199,199,
199,199,83,0,9,10,10,10,10,10,9,0,0,102,199,199,
199,199,91,75,93,93,3,12,12,20,109,76,73,101,92,199,
199,199,93,84,77,92,119,119,119,110,75,85,83,102,83,199,
199,199,74,0,82,110,118,118,118,110,100,72,0,93,199,199,
199,199,199,72,90,109,101,84,92,109,163,73,73,199,199,199,
199,199,199,0,146,73,0,0,0,9,146,73,0,199,199,199,
199,199,199,199,0,91,199,199,199,199,1,18,199,199,199,199,
199,199,199,199,199,199,199,199,199,199,199,199,199,199,199,199,


